9.71540072008181 11.911906635378777 1
16.28484813110145 11.759037026846485 0
2.547891289175601 5.550226103821679 0
15.351248092123786 13.528333100489387 0
2.1081378184331956 4.288063651873606 0
4.506544701577457 3.6086054104247722 0
14.439332652784865 19.05126475941496 0
2.470320186156878 10.4495303027275 0
16.597044850774797 7.831179816852933 0
13.534592817919718 11.186631885726436 1
11.039578759723447 18.173667527343525 0
1.8744510504003231 10.877186968153623 0
4.203817544156991 7.98859117469828 0
17.17784817544133 8.994943808448996 0
0.05738647245531414 1.9018037322306647 0
15.855124816258693 18.625246505879037 0
15.307213732317674 19.479786535212117 0
12.902743215033698 6.178840890149157 1
8.175888219083397 0.033404656245699105 0
11.898930528480715 10.756580945327642 1
11.62626768796935 4.679319060816438 1
9.198749458654941 8.734984772191499 1
9.753246939228115 18.37975371771684 0
19.17499345492662 19.136169513297 0
4.149761702502374 8.392193405122534 0
12.842893307946975 5.898899106591471 1
17.843176061311617 19.468210776934487 0
18.449962203146153 6.138307530550056 0
18.85588874127565 1.0191754481690252 0
9.102505573295133 18.564747590925162 0
12.80762776179235 19.65082288808107 0
13.728712983372198 15.437247633975009 0
18.23330890817155 16.139300824715065 0
14.281600529684289 19.029864270263715 0
4.185976324237872 0.2350037740546007 0
9.121744081021156 17.656038624440942 0
3.337815036493228 1.5259197220799714 0
1.8871394619516924 12.70564404267072 0
11.92120643437234 5.709270958088506 1
2.2283514794916814 8.747450125214225 0
3.7058483929185115 15.542305337676774 0
18.34058078815689 17.858608363275057 0
6.872430124590865 11.395687248533754 1
9.619839946860862 9.739053472723034 1
10.77710504370123 9.953580681120254 1
16.86865831825531 10.074955602465144 0
1.0997880175120045 11.204585726744366 0
8.32868029069399 18.195081039175633 0
8.355959669000645 18.608438529072096 0
5.772829097915726 17.51727481470426 0
18.98504826245169 6.505774213585996 0
10.116092022364867 4.731320708274172 1
6.802258611990702 7.491618259503083 1
8.63444189706599 16.272849477695818 0
16.447341688279746 13.574503872049856 0
8.020523095286482 17.470943627910472 0
12.894801165441766 14.050463833822986 1
1.7458803758766872 6.888006705183869 0
10.722621990325354 3.9819615576172795 0
11.609514826045753 1.627786791172563 0
12.619453788851153 5.425726034539736 1
13.69425966897138 9.311797224515788 1
6.0723197075378454 11.701667873805064 1
7.365717204675779 4.135197988620083 0
1.4482339296187186 8.454884800895446 0
7.5627164468274195 15.924561263204719 0
18.442970555913526 17.40015499398502 0
19.080438052508676 5.860713435665894 0
6.372152014280075 5.136995074409878 0
11.552942690245064 15.808576211411577 0
9.082452955882266 13.866125783493368 1
1.1951370435019038 4.231953931540811 0
11.731647974652834 4.5806832764916745 1
10.360175975247818 8.603065492536125 1
14.245112673727311 1.1949110987980105 0
2.9391833557404357 5.644714933992594 0
19.037285847254903 0.2883084800746216 0
2.8087043518783195 3.7188049724737726 0
15.179110539057103 14.273208836420325 0
5.096217667371161 6.002239100108908 0
5.9408567635805305 9.892732406095243 1
9.740568900595438 1.262510896981841 0
0.7798884130308492 15.640837132183268 0
4.999944613438627 9.0743656537526 1
14.79552917939326 16.25511155173133 0
5.963980284844597 15.47551157200175 0
2.549045691532017 16.66467267279572 0
17.67548220529251 2.2287294394258717 0
19.814667405218792 3.126980080427284 0
14.703588920060627 12.684984778428914 1
16.53094625805175 13.402659479010703 0
7.677198154087108 0.20304042443341608 0
17.274092840642126 14.883397508743508 0
0.35111568164349904 4.973507186178767 0
13.123765817542736 19.571922483709596 0
7.224193732479723 17.81070522079687 0
13.74596716834591 0.6470168607202154 0
17.5674444743463 7.3587607274865245 0
13.294493486365377 5.3909469806005506 1
14.496682423412228 0.783989810507808 0
11.656832685663383 19.602058449303673 0
7.308556175029937 7.362879866940329 1
11.049298499758013 4.476841262835006 1
13.434681114778904 1.0995072570740483 0
13.219464677575466 11.526412673887432 1
16.756189449201862 4.553325961062454 0
3.713826087789893 2.377347014968463 0
2.445932316152011 8.194482610377754 0
12.403596377364455 15.762109125753607 0
5.604910306844928 14.963553887840277 0
13.361303430563554 1.8847685222760036 0
0.12350561447993957 17.765778611359117 0
11.212550029897738 15.758701930170886 1
10.778704831179171 13.676484175258434 1
6.4128603958961605 11.965825928908666 1
8.99152840399952 4.8330420816543995 1
12.919533309826381 12.6109043764459 1
12.270226199193576 17.68610286448296 0
0.4009262444924211 7.965562299993552 0
12.666049308898922 15.08821826651188 1
9.100621478307358 13.287176984298341 1
8.923413887645937 1.9506401351457847 0
16.690394673566583 13.449759401365624 0
1.7508447565934948 5.457887154675872 0
19.163018177884428 16.84063711173399 0
12.752456113564165 7.19118168843357 1
6.789141410451567 10.28622595074415 1
6.0910435308727955 1.9758206329158834 0
1.3046633901863047 9.811955186370868 0
8.596161269339424 15.102807404895522 1
2.8669846021276157 19.579250999273523 0
15.660934280297074 4.1192494335801815 0
8.329937862455514 0.7270810721267629 0
2.794530385974039 19.83236088567414 0
3.0342987191455695 1.8679932964577484 0
10.414451899932587 9.586204420224414 1
18.359877862378575 8.404619200116144 0
0.2836077129235193 5.9223378193471765 0
3.936383785931785 3.5550362478046993 0
1.1720724373113023 10.004576140081872 0
15.603734618509257 0.9577985160978453 0
9.343519650739116 5.706381064074684 1
14.567422551293063 1.4969589839546238 0
9.405602764492752 13.982078800831836 1
12.58619558121774 14.62691787620184 1
2.5142721462029827 19.250355740549296 0
13.021920363801199 0.4988342829052117 0
19.534750275678626 7.867566645904871 0
10.768846426549995 14.423100903304336 1
10.525493922158699 11.648575965987227 1
14.700754339757896 14.636133118283492 0
12.965182423257907 10.436673438660984 1
10.55806950763956 17.106021652525083 0
4.3782166796407695 12.354355946907571 0
12.564880397296099 13.760260978508382 1
8.276509601960019 1.5216051110694129 0
1.6891123073062397 19.68267731687491 0
9.602595073406562 11.674600156968912 1
2.8122928038514527 9.36393879188855 0
9.000157088546928 18.078733124143223 0
16.317267990188547 9.774213366486793 0
4.1695095880873145 9.167137001031257 1
4.379666321951133 18.168715940236243 0
0.8568430696744955 16.546032423886828 0
13.12171849656109 4.5383233863862245 0
2.113840476853872 5.093685921706772 0
15.733825929972598 10.938884048621988 1
8.91350390519241 18.51099058015024 0
13.173567695940527 12.931282725480628 1
14.490612498832467 7.944262944945382 1
13.220803992403102 5.480925154539557 1
18.173772702836605 11.902912233946948 0
13.70608245457525 17.310211875270454 0
13.17820053910534 11.037910209392201 1
4.407147789429178 15.456364486067288 0
12.092146660704593 5.808317840964645 1
13.474640725746596 0.2911439476283162 0
16.659077008777416 4.072774469027809 0
10.843472234644873 8.239879806874356 1
18.23854609860692 7.908010253305804 0
14.64509781158232 1.5768461112688237 0
19.766915769171675 18.01403961436119 0
16.29947939938918 15.68182779539348 0
15.2493237120125 2.851403016434013 0
12.908081455753258 18.261032055671897 0
5.210241538672069 9.016063344697592 1
12.444176842599594 14.650941293520427 1
12.09611580954753 12.268644491643473 1
8.135563340997617 12.376069449241793 1
18.567513336398445 8.781441564146048 0
9.741013244288094 18.470616513857717 0
17.643579459951546 1.777677674329683 0
5.556800606199987 14.002120476150369 1
18.719467163433453 2.1913721047368684 0
4.557410794313988 2.587168721876969 0
8.728937228704734 5.15166025166857 1
11.903798967355247 0.33060123602031366 0
19.738019203688836 0.017163873109700134 0
12.643500625066315 17.8083394237607 0
5.777277337344446 8.816316527325673 1
16.581687713321898 13.517124114608947 0
6.361939541632065 15.499356034231075 0
8.817093421736983 12.04458200129275 1
7.053311749610629 1.7754037705678694 0
8.470323430927603 5.890013936137306 1
8.76836942603549 11.129911321986903 1
16.372153436954875 1.8460792044402452 0
11.121641909499855 5.510245268074206 1
2.066246815811814 0.2671684785429185 0
1.6250114089366052 8.333714085040182 0
10.884594212790589 1.5963006622474163 0
11.72043650431349 9.238190957024132 1
11.41539173522872 16.66573771060972 0
15.851144820884429 10.931339295369881 1
16.27001157406356 16.226703764414445 0
12.07419246648756 8.153022884895844 1
18.030305485389103 14.59784406918103 0
0.10090889882462983 4.1457266413564 0
18.008137312534767 13.032379599143688 0
17.918337492415194 10.404246118037692 0
18.43614348107541 0.012051211080765789 0
17.252119275926248 8.86367991959045 0
2.7214603544244187 4.708328881090598 0
19.325957862941593 18.98696784971429 0
0.1011937535514118 7.315219753524181 0
17.06628472635166 3.3540047210034007 0
18.330320155776473 1.8638388810108308 0
10.445696666058753 14.77599449404525 1
13.589904977250033 2.6883618910596607 0
19.70952491203382 3.451264624805348 0
1.370745111544005 4.532224692375628 0
7.008467209741376 16.88959945667375 0
9.986558114751018 1.0791933850732138 0
5.730223909392988 5.281602780089251 0
11.787198052837297 4.791322524585942 1
14.766392755150928 4.005335687378093 0
12.0965322437071 11.093057815473564 1
19.64455378954071 18.028142802185403 0
0.3840146270412581 7.716864268525249 0
17.491083851290284 9.067541787317712 0
12.063089241807122 0.25844556089043014 0
17.81564894613871 18.29423461924217 0
13.060164576636842 14.68720038691757 1
19.498534959253355 4.224885262411129 0
2.475585572584429 9.32510064702365 0
6.00939594425391 15.85546008580351 0
9.56457993890008 5.276568321065113 1
11.634383011981392 18.562664022684928 0
4.478610194041018 4.957168596294668 0
3.2383742355631373 18.472559922571573 0
12.921690828082236 6.482950963126961 1
7.356654686487484 16.853389542990335 0
9.786735508681916 18.737087270783096 0
4.008425313190422 16.436919940662214 0
15.400632053145323 7.440871946379564 1
1.667314715880377 12.85001451371619 0
17.768620802829695 5.773220165016708 0
13.497051955960739 18.064401690994767 0
11.845449081163855 19.981778505434384 0
18.96594037056463 10.723880956992726 0
19.54540744149936 19.72536125401193 0
4.191640863783848 17.87322519132755 0
1.9585119234045334 16.87612152750828 0
12.526913543219816 0.4731679781839948 0
3.81792128677763 12.484263142802419 0
15.744219878305758 13.573134905776765 0
4.780956928282616 6.029542192816548 0
14.06851685171211 18.321583248340694 0
15.648309621735386 16.676888662132164 0
3.935257342785876 9.98133836383943 0
0.7112599590828306 4.324133620120825 0
8.307698000610248 19.791648842550227 0
14.514115959122813 11.253479764641144 1
12.184118757544999 15.486613376929883 1
5.098375078806843 17.273427119917372 0
18.42829725160258 13.064507714100005 0
14.389722112647167 3.7093613595072483 0
15.055751729544367 14.252938526553766 0
3.1131955226205776 18.992835191200307 0
4.693577132003384 1.2658797178406567 0
5.460584532826804 19.609533099788795 0
10.648819490547815 8.443187841996902 1
3.371125373978905 17.24327652723461 0
19.303870178783832 15.59474648230186 0
4.022802982905301 8.964852562246113 0
9.774130929399208 18.435700151676244 0
3.0965813817246812 6.304720806043029 0
15.284037476283851 6.441869148821812 0
12.278661892017709 11.499776639209053 1
6.440261593269714 19.077190590903633 0
4.57488333095851 8.192712657820692 1
9.436281219065439 7.7465746439636485 1
1.8097548544801279 2.4161173737710873 0
12.727844851015204 17.637183691620198 0
9.515327554236928 12.700453138397583 1
14.25289923503197 5.794699089165372 1
7.304140222481865 8.516827221152624 1
18.400953868106 17.88626819404668 0
8.313506425775186 9.240615934552547 1
17.643901266716234 5.693320748432993 0
7.198775760169389 11.187174531287955 1
7.588137535217014 0.5286147795912122 0
4.615026933748041 16.1008917188737 0
9.935269485180457 6.569675140266504 1
19.5866423835704 2.4633674188907295 0
6.503214846314727 6.132047038762303 1
14.416111007182867 16.498524140954736 0
18.449274015880576 11.599203357055945 0
13.62870200431903 5.048096167668863 0
18.02168069915623 0.14839719164949194 0
3.2796892615332185 11.085161025872868 0
6.00403094588954 10.957019750448175 1
12.986722160089244 17.5429910596945 0
3.4674298295393924 2.5692271239070674 0
9.873174946270137 16.573127788571558 0
0.7538928246639709 3.3739451932736975 0
5.112264952952643 12.33908782531342 1
1.2378927191401723 0.9470157605950669 0
5.846012963668715 9.551948321594272 1
8.491774304946142 7.945831820021773 1
0.3475718270314321 19.759660265400708 0
16.50714162838602 9.704782330351803 0
17.033941354896328 1.3192149404322007 0
4.632839617364195 18.136044914375677 0
2.840818827692435 17.648576340236296 0
3.677690476405111 13.730676730019313 0
14.95359478854853 2.3157446711066876 0
11.149557004650525 12.72633149319879 1
8.652499698657223 5.502822204119669 1
0.024254637067664397 19.748494136115475 0
15.896049626324611 6.230298205925589 0
10.172733953306501 18.038153119191904 0
5.974260699311933 7.175665717557971 1
6.213758881714457 4.292520707207947 0
0.5329443881736884 1.1648952355127395 0
12.716868660659475 11.77853860970471 1
15.72069016016048 15.885762268302742 0
3.109326346635659 10.545745553586483 0
15.983335132440617 19.874707015322763 0
6.640608960742094 10.855159684864347 1
18.68437487197426 16.478641340454743 0
11.882577785541331 10.12289165304063 1
17.13934225979127 1.7908504519713064 0
11.511545518835813 8.989340426543137 1
1.3252080817953416 5.988219056533747 0
8.31838427476287 18.79422629566612 0
0.8564286690303646 0.04761880053201217 0
18.946426064692844 9.727602503622006 0
19.98901380177297 12.151714537572222 0
4.877255076576066 10.200041590769489 1
12.542951512435652 12.106595073865478 1
9.662950375136557 18.924101886722937 0
7.3036539265994875 10.894780215247373 1
16.371893119680685 10.605466589764358 0
16.054455901192156 9.630470627974983 0
7.446537949103503 1.4493375949705767 0
10.960672264062264 15.719301505339526 1
14.334797848118217 0.5272907571112695 0
4.708543333353226 11.933030065061619 1
2.2180852425872 9.301638425771513 0
2.644666602807788 4.988171547424837 0
4.019695872869821 7.492852935404162 0
17.755140308051903 3.210228964458639 0
15.485855121386901 14.966424409405217 0
14.378456790658856 5.0994449919147495 0
5.526250038138758 17.61449608899876 0
15.947428779437558 13.17438543343416 0
19.66477337970367 14.776438189833145 0
4.894515312487904 5.065790386368956 0
14.186026708914735 6.916093043746921 1
15.540721536253985 10.204735551837562 1
16.13297888060615 7.891630543483206 0
15.271318531526504 0.8597477554864863 0
19.48743806288795 14.296065228073594 0
14.09440119107513 1.8378015985854579 0
1.658639993968245 14.481328073206951 0
8.318773371523069 1.6802887295883173 0
6.740423576023657 4.810866751643845 0
11.191415833558908 16.67446130831891 0
4.9679023746951785 0.6527547077589047 0
16.054801461472003 16.918438970876235 0
8.063171624195709 9.102949395648526 1
3.9561812215060255 8.111957004104646 0
13.737483050894184 3.582299557711206 0
6.731606024335335 0.8294613865186196 0
6.865086761157255 11.207817235982851 1
4.829339913624649 11.077710197363773 1
11.743759386121187 15.656649253382115 1
15.402199131404535 2.028843893572625 0
6.1032376411525435 8.599532663957987 1
10.271120002418712 4.492731393044234 1
9.90668590592392 16.491395136303098 0
15.062344593236254 17.780420313758533 0
8.274129688592279 18.848172106720096 0
13.313749758197178 3.279050736061744 0
10.99888724121005 6.940815064763449 1
19.801293174482044 10.379285674170816 0
19.27406654399131 15.984397720611888 0
12.795053417316574 2.1682852704393363 0
9.162942108318507 10.888793734586265 1
11.672722127036039 6.3171180811215955 1
7.205873900572928 16.225393935557033 0
18.16194075126543 18.21667242665038 0
5.272170345590026 0.46478738914553563 0
6.085906294597059 9.516134811148017 1
15.066794006130237 12.558506831897356 1
16.186940868564324 2.716659076953587 0
1.665648361934855 8.689336861540866 0
18.08581302750085 3.1044331950827675 0
10.435705734770504 13.67393882267683 1
3.5273699230769173 1.430333853173047 0
9.896660498549206 2.432610774284696 0
1.9344831096890802 8.960498953532474 0
19.60878817004846 3.577956058239391 0
1.3860932218617106 0.3114244052283577 0
16.838046072674413 16.145652964241982 0
12.459515634100642 14.311979222995133 1
14.350270991975671 5.746890699206841 0
9.727072295623742 7.994786394869675 1
5.312048119487811 0.7559513841199483 0
5.630765618796822 11.590980560347667 1
1.1798340022157938 15.803706002442874 0
5.4842395317672015 5.361610859003314 0
4.38908454634745 10.855493721726308 1
2.2949859963925556 1.0405585188475408 0
17.51646788178099 0.5914838666955835 0
13.589311536237512 4.347635396915046 0
8.973289255604882 3.0795530162335027 0
7.918306305427196 17.297036103252378 0
0.257968648761675 11.566042869904525 0
6.995662093973438 15.781457189192587 0
14.106006727568264 13.625684388402167 1
2.291276203954551 7.644917697016009 0
1.579464852175163 6.038951729826034 0
5.462205964838955 6.5157158035933875 1
15.109059811972758 5.6328441768235304 0
18.98665174296326 12.914200792675201 0
3.8039497533103117 16.73762182900016 0
8.841732694580774 18.706714047771655 0
4.982233220352863 5.0177896861088955 0
6.969532368739449 18.39261539505292 0
18.057268968463998 15.208900043300064 0
15.200882131559492 8.789906721058173 1
11.350464876044144 10.123700939290908 1
17.029824135924862 15.284363488355297 0
15.613287040582819 6.756668588362727 0
4.658043052044157 6.984778932647123 0
10.296878374884999 4.5210851287735725 1
6.869701548180114 0.7997470147622621 0
9.880539253393257 14.081037347909678 1
3.1775726937347737 1.3804974869978404 0
15.154643856880018 7.678252639026373 1
14.010484640575875 14.299205475101594 1
0.5888992688185146 18.358160649896668 0
14.892390282329773 14.962026865883917 0
7.292030942900773 1.6828340669166586 0
15.774288133300638 6.303106678703845 0
2.7187280727108187 14.491386079982636 0
9.554534714681317 9.750359399261832 1
17.601844560950163 7.787484773548496 0
9.142573979708414 1.0597865719349686 0
1.4826608647878459 11.076677837800851 0
13.109983266794602 1.4596820945702693 0
8.841450755546203 12.63779298841591 1
6.130301399187966 0.0893985705644873 0
8.765636273395572 12.66451430445574 1
8.283857453961724 15.376118757605987 1
16.938424656201494 5.352070933121116 0
11.75288561919843 6.728497050131308 1
3.6028674069374578 18.919372101883884 0
18.12727225851743 10.25518537929968 0
10.169828132435912 19.325727810453593 0
14.146008176448344 14.977228916164552 0
1.9266227534793101 6.65163308801159 0
8.529636154702986 14.373457272177241 1
0.23974076162330604 7.663263772521061 0
6.285871731546225 17.91936730613616 0
6.867809232782638 1.1239869702856198 0
19.026596070710312 5.787604264705488 0
9.909667919353726 16.07042502701838 0
7.166946026281675 10.611800326316596 1
0.159649435021485 12.212474205945032 0
5.666257370217402 11.25241864962916 1
11.386264718149459 13.312378117748846 1
8.963942629875774 13.570736630734297 1
5.1509157946901745 2.0292467204836995 0
8.765164283132643 14.829256320126657 1
8.174536565327301 10.706522367969953 1
7.026693459943447 9.610749799046367 1
4.4043662369636465 19.074549400195217 0
9.660326023382101 6.7843141026450615 1
0.37018766340905174 4.693263141189872 0
7.559484851881244 4.513408578648239 0
7.99557290136134 3.525814100851399 0
6.601548263467727 4.081299811148367 0
9.798766922500825 11.136058172250012 1
10.23659003649783 7.046489844462005 1
9.883902523232418 7.486156753835069 1
7.239809702586928 4.447779320227796 0
7.816645254459795 3.0748657828336956 0
11.511035644250613 5.217218313379364 1
13.22988519690638 12.471218349730197 1
1.2662467143945655 0.31238050622188984 0
5.796126860781346 15.40576601547045 0
0.578772456887855 1.3414360583345863 0
16.295534383458875 3.177115152702772 0
5.61774066215269 16.911743511415548 0
13.259300445822525 1.9057751877851392 0
0.3517455431716465 11.290286231577548 0
0.062299168680020056 10.055061440404762 0
16.069662921494686 12.481223525888428 0
18.84467350094104 8.512120389368887 0
3.1799841005444707 15.373802318217567 0
11.308121234065379 3.0232849883681534 0
14.263673191546449 4.696262677946463 0
19.697689485723913 2.838618524679326 0
1.982585293632344 3.9582832145425817 0
3.74048313276808 4.331531230930135 0
15.378600973076617 7.138821802531126 0
19.981250689371294 3.405244195627548 0
14.005443771588117 10.941903228612407 1
2.6947022379329866 1.9278806983491759 0
6.098234490353613 4.551595589537221 0
17.747026350958546 10.416935827167986 0
7.193523060261045 11.906003621933296 1
7.67100507200843 0.18532939730593112 0
4.797480421453503 0.5957871266284753 0
5.256580937244699 2.736295322231932 0
18.901012121077898 7.231967858128647 0
6.969176610900172 6.240371230405939 1
6.545451518734618 6.824080056644584 1
3.2534259673187416 19.851592039542652 0
18.559105555590207 6.9188549015435115 0
14.02765302625125 10.610729163112861 1
15.80073043922681 17.383775924330642 0
6.311548382578711 16.114768553081625 0
3.1303457720193673 13.95505769128542 0
2.453575460664985 12.350983043913244 0
9.878289404971511 19.341783095681514 0
2.8529562725693958 2.4229764986646463 0
16.181686714289906 18.18026170616657 0
4.097391210191182 5.026040890284311 0
18.11757660106582 8.028113901585588 0
12.865441573719929 3.8811509576440195 0
10.717156950339747 7.795720127581191 1
3.261846303290963 1.8911165936871122 0
5.540941469276985 17.607437392690613 0
2.5879252023119936 9.340130553482254 0
17.369515961317795 7.3348986929702615 0
17.614192212889925 11.719199940808267 0
11.344506117139353 5.378537294471759 1
3.022188649522668 0.024290757151861353 0
10.499761454500153 1.142080269995358 0
0.5294596710281918 4.807559089865321 0
0.10187209931841634 13.519121774384688 0
17.772071527853335 2.625589140795961 0
16.695778193462694 18.472249963393985 0
14.747853406484449 10.754424225440786 1
13.747742399987729 12.985064154973752 1
17.822767941081473 0.6146387798476671 0
4.112711057020022 17.19915881277948 0
16.78266646386463 3.7776461349194634 0
7.656635491116697 7.854318402969335 1
11.77534373041588 4.69665817167672 1
0.5934681551287913 16.187548503205022 0
16.367235788958258 9.1363000986477 0
4.510961728083977 6.227099268366494 0
9.808588567843309 6.656142817334059 1
7.916735187104851 12.723610426347662 1
14.283890166259173 3.7688827285436544 0
0.6104534117121574 15.612396249605823 0
18.108369587224132 10.69104033317169 0
2.972080391190819 10.553053851528876 0
2.4711463701841074 5.682304570463945 0
18.021825561751395 5.158153432318877 0
8.322569603207128 6.501317592383198 1
14.715409563498081 18.88869482711606 0
5.067571544769085 4.786253358811954 0
10.324906840030852 4.174202419327322 1
6.912219656242451 10.657090224212238 1
10.337621575254 19.4606902731978 0
10.337262864889173 3.0671002281935067 0
16.020813449024303 4.464425165468542 0
8.273108521649576 4.763172366465631 1
5.651403973120623 15.35524522366154 0
10.055304725396157 2.838315324061198 0
7.313610311897685 14.754244665224999 1
4.386747175608532 17.670595518086014 0
2.7580174770008004 8.931799884866 0
3.202887085696 10.304004566480717 0
18.736139126332553 16.995892140901955 0
7.963884206637397 5.916364584708513 1
15.06458082940024 7.146656577954058 1
0.41009728939463974 12.889929293104407 0
13.757509157779515 10.715232139956413 1
3.3644436113568554 11.664707548432462 0
11.017969219969956 14.429970595585939 1
14.693480479123593 13.68667727644958 1
17.067955979551133 10.147198095862686 0
14.403373369549437 11.056439237983511 1
9.075452314710933 3.827673459198837 0
5.670017556736642 10.37828054125687 1
9.599348530847209 11.158793772916301 1
16.72760904557482 17.021825943112617 0
0.8521628473025422 16.024507452657918 0
5.704673184004275 5.223171188073894 0
10.462131344329112 16.56697951199875 0
0.8116733143287136 8.866706445309795 0
11.226519939632574 18.48340311613341 0
19.723287691033157 14.670538573777733 0
0.5175234844260612 7.7191788041089815 0
4.858793417473429 13.003527731446894 1
12.40387582658082 12.97656725917757 1
0.5136811389162732 11.798448117869874 0
17.233851525169264 4.6608562670874925 0
9.844781270051124 0.38195452786075723 0
4.785282789202223 2.0863486597848957 0
15.546812781786386 3.9423768840467432 0
12.795787665320407 14.752591151301651 1
4.757325874997469 5.69657801717687 0
6.479338004916418 6.433165242879619 1
8.158889948185667 0.7763323404992439 0
4.587266281812665 1.9138297562114825 0
2.1199536587952394 3.7593198309396114 0
14.930050164478573 16.377860323027683 0
9.090248560216148 15.940102985106959 0
17.410289399955982 3.931071232761356 0
0.9235409364261415 11.421680397103094 0
1.1378706263400518 7.07192455741207 0
0.813325265209428 6.7675352914382625 0
15.674605754149047 1.2930248885430173 0
16.31235244755748 5.81077866393848 0
6.7889322370342065 9.8546979798965 1
2.3380665483629848 14.97662472846952 0
15.483857268013956 12.449039523145782 0
15.662991779681503 11.20719516484644 1
16.99955679974071 8.94357760676099 0
17.579298187037608 13.204616612562905 0
16.212935950903873 12.848206551663877 0
0.3050055887247827 7.891879822339001 0
15.935900855226553 8.414714359449357 0
0.21323043956994692 0.9557113979740062 0
9.349957750221513 6.68979580866586 1
13.850276848939885 10.809112044602102 1
4.531620171615282 0.4184788687696006 0
1.3750126935789253 18.856656024737525 0
13.165300268905442 11.03933405679523 1
1.4719231111799913 7.748427194940541 0
12.612515577657055 6.697621702799004 1
10.058074720230962 11.817901841947142 1
19.13283153163502 19.80755104180634 0
6.494628572837319 10.832735325337188 1
1.7347010884578018 5.570032666052693 0
16.175386440606275 16.947746800384962 0
16.478076906150896 18.952997310556682 0
7.756901753361529 0.9936635624822232 0
13.698779825801878 1.0394285291145944 0
3.226621186270058 17.80086835915836 0
14.034271159633109 11.88411968814994 1
5.566058469669581 15.395636714275188 0
15.295986026494559 8.836353909952111 1
19.890310787412165 19.321701564789212 0
15.219801476811119 18.570513987157987 0
4.098053253428056 12.364225595218263 0
7.623948994220737 1.5561233688276799 0
17.431183364620605 6.010935203617627 0
16.699109164803037 7.57189006351064 0
15.349884614611454 11.310142186362725 1
19.863504191282193 0.3932940680090824 0
18.065978494041207 13.94801957411582 0
10.632971419015165 11.346614270399318 1
0.42267037281511044 4.051800189675701 0
4.3281134392801786 0.919772501534708 0
16.44411617102445 15.164772322237415 0
2.5614173031471887 16.225411219710452 0
0.7298142282727094 8.373052983417557 0
12.098320455137204 0.016187465927446354 0
16.39189027524731 14.454563527136488 0
15.250448136400589 7.690654111295567 1
15.276394266423146 6.342779130925226 0
5.1771851363813575 7.419732265981307 1
10.971552178727531 9.848248328773293 1
12.527946779530284 12.384368378030208 1
2.066362457279287 6.396131112916867 0
19.545713305319637 16.307771844725924 0
16.205189501900353 11.362601846679464 0
13.447617300263378 18.215806530182128 0
15.999354671852466 16.955662906744262 0
8.570668014295093 0.3800062770617729 0
5.177779427931752 1.2361286403939098 0
14.189464913093431 2.9984406909026107 0
12.574646241428757 15.867747578768846 0
0.5802369777019534 1.8329563465619136 0
4.085826427377588 6.263277352196573 0
5.854167998678794 14.732090621680396 0
5.8422090616193545 15.070665297948977 0
16.917451400896717 15.8538127955322 0
6.641478854568885 14.532170703286724 1
12.803454936857989 5.704321154369381 1
4.65032875150817 16.92381306715176 0
4.430402996278964 0.16387876953312341 0
17.347859825560057 19.478920699770327 0
6.942218398462197 0.7726050055193112 0
13.416330898327457 5.216287032820929 1
19.337653361738152 4.48886910533445 0
18.12307311942172 12.748194124187833 0
3.8647707343182214 12.435812038279316 0
7.133253921132859 11.820803440541427 1
1.571467611807047 6.096517919587356 0
13.027437323451544 15.758362140847069 0
5.659659932521048 11.34529711465426 1
1.7780134185425944 13.209778944014 0
3.4527827599429606 16.420255736180625 0
2.830076378695068 17.03567905781275 0
16.2743070319298 15.404317090164295 0
13.236250838585136 17.486286090438835 0
0.6579156671410713 12.356865818909705 0
7.97014898176283 5.504708643540144 1
15.70683198391902 19.354782795828285 0
15.587273963262046 19.52437145602098 0
8.964579758671169 19.818710880456617 0
19.70394165132736 8.806367803082596 0
8.49287094910956 14.398991226806498 1
13.121396698013745 13.480484944184587 1
9.956000183723656 1.1471702347470547 0
3.830219887026587 18.576888919196005 0
6.4636081283909075 17.32442620308781 0
17.753977965586806 17.26348549978066 0
16.46517218363043 0.9755283008625781 0
10.972489030118771 3.300355840292948 0
15.18513665534577 8.05612657852951 1
14.455651350552692 10.865108995734815 1
10.975204322684302 4.6400542424404945 1
12.092225950986075 14.211485867441521 1
18.12076743930658 18.306655310528363 0
10.624178099136257 8.031418225756493 1
8.544175288135081 8.719885185310742 1
14.29618242641168 6.841582027080538 1
12.229353081653107 17.010695885514377 0
16.582801120610775 4.926403722583723 0
4.110223944194256 16.544693240305474 0
13.293368317679228 19.556701756586946 0
16.037771116069738 10.6505904963047 0
16.399344241729874 16.795081027314996 0
2.3841203317366677 13.087675111655283 0
5.231866873446971 2.1159616454733055 0
5.706697948012469 12.546184948326967 1
0.08078103732983566 8.812011157986703 0
1.9653213551253135 4.690062504064176 0
7.717955741355884 19.709259346373827 0
16.332989169026494 17.545361812260193 0
13.295888216048905 10.005795485025647 1
16.121205357209565 10.775233962788928 0
15.502412996217373 17.550981712168777 0
6.434914198523951 8.341952090653134 1
19.468617173399547 17.776810400300455 0
12.745456873105434 8.99430993427147 1
5.992024790430753 13.482059754322655 1
12.383436788885533 8.154786041029414 1
19.53720899312698 0.25925219245290787 0
18.428119553776117 2.950609557099364 0
10.996882842321401 19.085228182660295 0
15.024648028038495 11.431935041168515 1
19.9622787396121 13.795350379592485 0
3.8311585976584217 4.527398513367884 0
4.260116894244035 11.088939499083727 1
6.813668295128716 14.875175596889825 1
0.12306757255239997 19.57909320706126 0
13.042877833050014 5.859735837240843 1
8.428834217730827 7.285843274034924 1
9.150561041698742 2.0009079756959913 0
0.31403886433579276 19.285718635835853 0
8.009946980499238 6.405746353058904 1
19.51560863070058 19.145614606643704 0
1.86515759828072 13.529048217647519 0
12.981690283943708 6.285316439978481 1
6.389950459260206 9.521269827797505 1
8.629758715883407 1.8000123585845351 0
4.52975515619703 0.039916329538320916 0
9.647844298847337 10.01818565535968 1
2.0496990940527704 12.63012401129676 0
16.5621633898278 5.013512017635422 0
1.378020880345694 13.402257415570901 0
3.064455533848418 0.0561620742033786 0
11.631047909516694 13.950115587923406 1
14.302609488049683 15.270102779236574 0
3.1611143833896382 1.8975393505861171 0
7.01794741845519 15.070746944343849 1
5.002301214240306 14.90975671451147 0
9.138894029370322 19.700026191272567 0
1.7442156317351398 12.844713549562684 0
19.8452325804339 19.602607094630542 0
9.572767852892639 13.99467167279064 1
7.889916740074369 11.190782064005937 1
10.490722083356186 7.481406802898505 1
18.300512370378513 6.988954177252593 0
14.065603871971714 5.65130479731102 1
19.168162438165574 7.998777652084446 0
14.432569581738814 12.469932293643037 1
9.1178412901634 4.736511821235807 1
7.582052507029271 11.604194779018297 1
15.942799912738206 14.355403905478632 0
15.665733150319712 8.021481134471255 0
0.20306851105511337 19.445462572027495 0
5.272900374655098 3.949919687936432 0
7.635456270665255 8.09058763664667 1
4.810350681965721 3.547141358903325 0
15.566516545521596 6.937476720139122 0
4.114694396825042 11.79949960582479 0
6.378364512391617 17.247328374971406 0
17.13777732498467 0.6230695397405905 0
5.92460645030542 16.728764260262828 0
2.641636582523572 5.90356969007617 0
18.0668648269637 0.6415628861361422 0
9.837804146314264 6.346941537969874 1
9.968442028284999 0.0984832491441634 0
15.203912412728602 7.659920963893329 1
14.785983201453677 14.715900537790809 0
3.2577339256386395 4.141571348753194 0
19.723484659668607 17.217197498657583 0
14.776734996653463 15.575953628904156 0
1.0517466607122206 7.506613799898865 0
17.759287047538912 7.538756768770211 0
6.500423484230136 8.755518606999502 1
14.718849916537406 16.970993465016534 0
14.079343155148061 1.3466091809747538 0
11.482010285738903 0.7104684400226535 0
2.4299151975033695 14.627949269464803 0
10.685862975739735 5.32350913420893 1
1.8151226149327937 0.05729321744590399 0
14.138169204031787 10.801787670407055 1
1.2366631348325496 5.303883427774361 0
10.612030879970895 13.469431667790763 1
4.2744607816213165 19.081470600492725 0
16.426795962402057 12.17177963916627 0
4.873239626015405 13.869768354190562 0
12.169488517082023 15.06878145327087 1
16.499190360734698 16.761233961287072 0
9.445370684159597 5.975253516948616 1
7.388406950418734 16.912355267067724 0
12.808246110657109 16.476918144007033 0
19.470281655116327 19.547524507994773 0
7.458911283345156 5.415932252037758 1
2.527680805646435 16.922285592362055 0
0.7842890846137052 6.931948415088371 0
4.977939341675248 11.567206018682008 1
15.327882157139731 16.676480449820197 0
15.04913499332481 7.923792564313428 1
15.426366375300057 14.925755077424096 0
1.005831824995711 19.38915883890099 0
9.64069100937686 7.563322715665812 1
9.474813515186725 7.908644091661607 1
17.98750752991178 1.162994083817972 0
8.471471146123449 19.181189835521618 0
19.885648602237683 9.0662390389737 0
12.751161276489345 0.6347664416539378 0
7.643553895862523 1.2038902707406884 0
15.407532549903252 14.227303264975244 0
15.49468787104125 10.442336908483693 1
1.5788865240245342 0.704013981634164 0
16.954698268438552 13.026231626708881 0
16.881356748864917 2.915983096416348 0
15.513083068662674 7.464819359499666 0
1.5208513373228838 6.613053359290837 0
4.31161313653333 1.0254480184214976 0
8.079487790714698 12.94978081918373 1
17.67967844573026 3.9829465720045065 0
3.537456102014729 19.236814005477417 0
12.134299930935429 18.33180094975272 0
17.339568449749095 17.529258744221703 0
3.596529012389147 15.399454720200865 0
5.886375698505497 18.056769715317905 0
4.067568578515212 14.433475205954387 0
10.449785183856022 14.122253340851678 1
17.140569952979337 10.272373968202789 0
16.814010331443377 8.775193661416163 0
9.465598551583707 16.854753787697305 0
4.232418928916433 6.367058429340653 0
17.07823424905726 1.9447810864963389 0
19.06581573103296 16.051643321600505 0
16.322592947951566 19.27816374740916 0
4.7962500409695235 16.19598146164112 0
2.7820916830216413 10.718415355601385 0
11.519382881868587 13.19458187114526 1
13.977554997489381 5.9521620541259646 1
4.111138078989896 19.315709666502517 0
7.5843897875050175 3.890798675682281 0
5.065268830837679 15.490069597371496 0
1.1116263450644315 5.521179976304702 0
1.4196192850521339 9.05530985613209 0
19.89737912534748 13.050983207439529 0
6.741333885538436 5.441073697360698 1
13.262588243243998 1.868748067720254 0
15.60981900833898 7.183048185018961 0
9.682034359766083 11.644285717387069 1
9.385429859888617 5.99428984362401 1
13.826788541574999 10.517114786977475 1
11.04339637426796 1.7622018777279913 0
16.75697525221131 10.586031796743987 0
19.132012706542945 5.997872229460701 0
2.5693228438693416 6.413633707952835 0
18.473238624116618 2.538418099052655 0
12.125483497456475 4.726280493243735 1
12.480676345866966 5.665835435956145 1
13.811146399115032 0.805133666774247 0
18.26681379804333 8.37515515066073 0
17.460108107821306 16.719190476837532 0
12.530318463853654 12.479961021245138 1
9.154146566353864 1.1334423449169595 0
11.8713866403084 16.583775347141867 0
2.786219127625622 3.296938529143363 0
5.063421574554335 17.52516160763211 0
16.474340120620727 6.568139528008691 0
19.146526360416058 10.595135991398779 0
1.9488531169601897 2.510296328069308 0
4.1377655954820325 5.418093888864515 0
1.5272110381877613 4.447675552363705 0
5.192114670061816 1.4631394281439092 0
14.595831507683952 10.456729077960436 1
9.204221350392391 2.1832307035189125 0
10.82563993870641 18.69576729598421 0
7.184202878678329 5.7874854891873735 1
19.312071463408735 6.3925336794605725 0
8.832734001248955 3.211639720106272 0
6.922635198803324 16.01186535383348 0
13.220371403597229 15.144438622450027 0
18.37929085462261 1.1766571456860797 0
0.23527929589885588 16.283563192062942 0
14.456464955398697 5.38436870196054 0
10.10353375474442 1.4494682275383042 0
12.230509724553787 10.887921272551981 1
12.84515120541773 2.910214848401378 0
6.92986071529049 7.005548779163053 1
7.451947784078885 7.3628820799183075 1
14.513117520471177 8.512945271720103 1
4.627915129722355 2.3617549304211427 0
4.906873515002084 18.867674071788965 0
2.4925940363991073 17.306344336320027 0
14.096936467161127 15.317607221897356 0
1.0353578206530845 2.6143707552671724 0
18.03069866953653 9.082830693367843 0
18.66782147313582 17.566175123264337 0
19.70344883455718 18.291300559220353 0
15.51723532392031 2.8787113996104496 0
2.419299323404549 9.868170260157175 0
0.7553339891128652 16.297674350151087 0
4.224580237355022 16.411712710439893 0
6.997066525544902 3.6987051072433386 0
13.134728866276033 19.005251990538653 0
7.152373574151543 6.195972339534692 1
19.915511383031685 19.363891275910706 0
16.461472986909254 19.64249193116761 0
16.510180862397277 14.4420911424372 0
18.365265640935565 13.465646290759361 0
16.020843368553713 14.001255396299072 0
17.098626752115884 14.187899611098715 0
9.777875229869897 3.0436005024473967 0
15.678687079901065 18.33772804091918 0
7.388045108206917 12.056462084630262 1
14.388319821869956 0.07099753907650719 0
4.27312852540873 5.063302549702733 0
1.0704421719348955 13.405258611515587 0
5.053137961635428 10.837753475081985 1
14.399218666236703 13.195153081492617 1
11.67469815760586 10.13292944970183 1
0.920339238541581 6.182639233326885 0
11.0720842844553 1.4886230755704943 0
2.3696428900242528 16.457093266778198 0
9.400848196839021 18.71990664723488 0
17.116270249064435 10.641490293079318 0
2.1816310131994054 9.916195115166193 0
19.11090362386497 19.40607122844181 0
4.707614487520915 19.131588156977248 0
15.205797498947906 11.726433423173868 1
8.747646042526927 5.0288757088376945 1
11.861713642650493 8.688409645929882 1
3.07430499510432 11.298332140259621 0
10.392759975615169 6.233718458498448 1
19.588815047258134 13.10709786405494 0
3.8413704974059604 1.058387625098789 0
2.177941523527247 19.076342097156257 0
4.576872066178006 6.024401666458445 0
12.071687211931136 5.180433819794152 1
18.668552255550324 10.10128975617117 0
16.067126164841447 7.970101830642871 0
6.902749772723502 4.01535939525883 0
1.8403532266479106 2.117058799993361 0
9.087452784881902 5.657944184612647 1
1.1824684631371385 3.5068364813936093 0
12.293251575672695 6.94648574466015 1
15.568781731741716 11.254824812122358 1
18.381692163011596 15.16099042601284 0
19.16685275879367 3.7300195507472345 0
19.13015027801408 18.1292569914996 0
18.955669333177813 18.035803459143903 0
9.030217464053155 3.0494709823009214 0
19.41041803714787 1.7060214559391351 0
5.202346182163429 7.259070344290331 1
0.5042042141040515 1.3650842768900096 0
19.333260629567906 9.310842774319692 0
17.4795276208165 7.10394200647416 0
0.80003521811147 9.681357660534182 0
12.363720408806602 19.32573835776331 0
17.44745961535284 8.411650576728725 0
0.09240498003887154 12.868092306538747 0
14.69423123424093 7.435031448415488 1
18.723499988421906 1.2262861897241373 0
10.521225163772773 4.216022174178242 1
9.481103010834248 18.167338870389322 0
16.607874886926723 10.780743787999985 0
8.291075856678479 19.905939531438204 0
15.699902195643709 18.730378576896506 0
8.22862929765986 2.2907939963069635 0
18.05003388039023 10.042368184419777 0
11.985229820537288 14.370156491889759 1
2.7418880582975524 3.81630799240237 0
9.504493865412575 1.4678163384349618 0
8.998584175728892 9.6622304505172 1
11.18464015863674 1.2291727346948145 0
8.948708162951991 5.079629134954167 1
12.047335759842372 10.958348224503759 1
0.14943280922219193 6.274077596590253 0
15.23282916111226 11.716894886294257 1
16.677271570466694 7.644924178796007 0
8.365801745180711 8.645980099527659 1
15.036853678778957 2.4351631619861913 0
3.0351377358489495 12.874723534386508 0
4.215250397562109 9.95793911953783 1
1.352485791135034 2.6680202440565948 0
18.469492406905207 5.20602544927762 0
18.531154606533015 6.375200529452794 0
1.0904365876529742 16.195405054814444 0
8.280825170914973 5.944706190384941 1
16.863956238362093 19.87569838099651 0
15.749196852257544 12.566161093420368 0
6.656814780664641 13.220267852400164 1
4.990947868830933 10.222735987669607 1
13.271542724826674 3.571668314430314 0
0.5117430158500658 6.626251668790659 0
0.526767897874012 13.546313768702472 0
4.511889677692206 9.706531053089174 1
8.314586407297433 19.73909743941235 0
8.340727253384934 4.6143141561055545 1
6.189699770424307 12.28768065276591 1
16.035195910347323 17.243287172231064 0
5.146080024823922 6.511383612388113 1
4.70270427295633 8.399136499031846 1
12.494222424187473 6.310753140003107 1
19.973405779848314 14.107550390371827 0
6.51615539584162 1.1464850022505457 0
5.537222291039685 5.359969196998926 0
1.8192897398969365 18.017962177810052 0
12.210864563186618 10.491312968808597 1
1.93154166521051 17.621029818654797 0
17.428519481492323 5.731987694853493 0
17.731588769890877 4.809862714801825 0
18.089622896903737 6.355039494341305 0
9.314968111241983 1.0153603763391206 0
11.000794431519106 12.288290228544907 1
9.422409142554827 3.6929208256848733 0
0.9368207526308314 2.9903104061226116 0
4.5054444394155375 6.547050911364957 0
14.33244056960503 7.3029456156395085 1
7.890177799772731 5.018068279474264 1
17.336827298930622 7.473621550264083 0
7.126810452067391 7.463005480107341 1
5.8114148867392235 15.36901322152846 0
5.2688920606724405 11.411142174606715 1
15.943724639287343 1.4284050188565933 0
13.220413710641594 4.08886912490372 0
15.1081159704867 17.077355409418583 0
8.345495906324485 4.9550497984132535 1
10.172616600323774 19.620897541624117 0
1.9141887665219692 4.465043362253591 0
1.9805689846561414 5.783415605029547 0
0.6269148160207583 19.155530656497685 0
16.24335266111594 1.997247271631064 0
15.775908389213274 1.2638282653652877 0
11.810502167236724 16.222964566829248 0
12.224150638792398 10.448579651109604 1
12.502158476135241 0.9411586924287474 0
13.089149659612886 5.762104249471644 1
12.408553189642026 19.433325127572644 0
4.739953851490231 9.349409821128232 1
16.453731698988022 18.44502566709824 0
18.802523682960302 13.263462715436788 0
12.62529168761558 5.290653167645829 1
14.55142176593368 5.336747598169024 0
12.079517813226994 1.3203843010215732 0
11.209418545945049 4.279827743805882 1
0.7814109248335943 15.280684449620548 0
8.93343444282346 8.946084115383599 1
10.477694372746347 2.379488419752782 0
5.831246537696993 18.262286044877182 0
6.73538257369362 12.616420933367166 1
2.6185130959969505 5.184358202736332 0
6.784751945593463 5.986432119145864 1
9.878879106839607 2.629602282732766 0
13.92859921814071 5.570366254591601 1
5.480995625419203 18.955123155040777 0
18.51894142109454 14.986489153594672 0
19.60534206803175 17.749337895421604 0
9.547758893339795 4.373720495914104 1
5.933306645779533 14.414386788563105 0
10.830650501986977 16.160147142409144 0
10.87561582242021 6.0069758770045105 1
11.282635291902592 19.976102879089037 0
5.949744760980076 10.71354605767134 1
19.63316533040065 11.101995630869405 0
17.605886945294348 18.11088182827049 0
11.792356230134317 14.947572663850048 1
11.933145043886778 2.0276785638671146 0
4.914212672659685 6.617209587462758 0
5.201030838797667 9.259038560451401 1
0.13008738248811325 13.716490830782329 0
16.446483046189012 10.497571990238638 0
11.702687328351448 6.73501150665783 1
6.408248872956321 18.343234962469445 0
13.670693537483022 3.6387621096655853 0
18.854911308207058 9.988659988936803 0
9.860143909035317 16.671850765650593 0
18.56856482140129 11.642339552743943 0
19.28239160897083 2.3473328140815597 0
17.333211940128 19.228521141458486 0
8.486347823547213 10.615007362082263 1
19.045527655987875 13.694772520620855 0
12.651114560178726 6.560464849114438 1
0.0009161379903921407 13.234544142246094 0
1.0820350125312772 10.160986183937082 0
5.459304326284997 12.35110614906157 1
16.499798167516712 15.183505375170093 0
8.624948973993918 11.478295489109165 1
2.1826324455453383 7.813764911195811 0
5.893328505127808 6.493128799425829 1
14.298701456204167 3.857671808049563 0
2.615792359209541 2.430620315221601 0
0.4354490386720711 17.571281850308857 0
8.344535208882258 12.686828459128748 1
3.350658753122844 3.3231258862169843 0
0.11929246810005845 12.033990567458549 0
16.10158150140263 16.09429006145135 0
6.553502164627256 12.034080124009725 1
0.32245080619001554 11.862437198957947 0
1.7018662244916882 13.181714564769084 0
10.701066940430046 4.730641318563222 1
15.307563273947194 3.1736096787142376 0
11.829528441406945 9.92157290496417 1
6.237270188945205 1.909831753744493 0
11.774481909817993 2.8959492106572493 0
8.760683706421766 12.794378148279096 1
4.494579495552298 9.485499984163724 1
13.211308564364288 17.84989563431566 0
3.982652283610899 7.911924261238377 0
8.096592447846383 16.91609013267922 0
11.082329194885867 6.960073139068639 1
11.471993704387618 0.39550905557051985 0
19.359357376192207 12.180833852050956 0
1.224715529917435 7.110237264419101 0
3.868008508034142 8.76806257145956 0
1.2904190934092918 15.670368963132724 0
2.90061655618163 13.864420179464394 0
5.417039891325103 19.34652965358072 0
12.333391837077237 11.994336714944541 1
13.109884014386054 1.4442612331565075 0
11.509705217773316 12.111602822541215 1
3.7052215074860473 2.911731622066449 0
14.405862751564452 6.143980604764796 1
13.384709394953793 0.045297718658496855 0
16.100025191297963 6.627012095259048 0
17.781928677887922 13.629882927321972 0
17.162944284493086 11.337287502354126 0
19.526493711123226 15.22367587158837 0
3.434819945898342 4.450885023534998 0
12.52351171371169 10.090174158844825 1
14.231995700477922 15.183159111648903 0
19.521083959038286 5.807391196815059 0
8.413488187412462 2.4495441511001137 0
15.051241436757493 14.871713115445784 0
2.9797632563907728 18.972089812288317 0
11.437342955081286 15.951032329897625 0
6.949580650351765 12.821867000887258 1
6.110480549093711 9.081984464976241 1
19.015125072454317 12.50129376443789 0
16.118485133824617 13.155190595583981 0
0.40825119158147016 10.576201001438186 0
17.28179262559012 16.223039543027255 0
19.20857735932596 1.824482762721158 0
16.998449295704987 18.76562344858056 0
17.441661437882566 18.50451171216894 0
14.502773727579168 12.714698978221739 1
14.540269219545568 9.604796927994252 1
5.598559361526288 12.520301392833098 1
14.674248313923865 8.71465714082867 1
11.676337795752545 15.859870514902557 0
16.086990457426975 15.498721413419396 0
7.7843033105690935 2.4321770036864976 0
6.082358453451178 5.043701323852428 0
17.80211154257646 1.0506505288156442 0
2.2173614774511896 15.414187771520663 0
10.535911515671394 3.2837259619321624 0
12.828277380254727 18.71395738625274 0
18.476596671646675 16.489809513926488 0
5.369762536221378 7.225028177448303 1
15.756996111599207 15.559929356597586 0
14.775865851743326 19.35499033540778 0
13.415658260207596 9.430440821323732 1
18.45353084047496 12.522625155066155 0
10.791872531913281 17.313715081512267 0
7.95884755414275 3.030026629346323 0
11.25492192279333 9.286687176697416 1
11.230746641637047 19.12774898784438 0
5.778143684578239 11.88704116124571 1
14.638446858158808 12.061086346950955 1
1.23060202040294 18.00633668421462 0
4.68250079549682 6.428088036301601 0
17.515005651007158 19.875762269206188 0
7.141733723384929 10.435647515892066 1
18.93887139752165 9.218165215778356 0
6.556061082912779 9.746095278653806 1
15.40797079882969 3.3910464030362575 0
9.072751479619045 17.681710375038975 0
5.378102145733594 15.069750605773134 0
10.859994783332183 17.93527827509292 0
2.4303777746667032 16.096535169005577 0
8.602093395227515 8.991850940547524 1
1.7412082996243439 5.533137244740402 0
7.339449763453434 7.036551649383933 1
13.354761346660071 5.9953344940029325 1
6.266789473546954 5.080745706119208 0
14.834412250930997 1.123610604664611 0
13.24455419595973 17.39288239316983 0
8.56893002318078 14.999144257875173 1
7.583819328834178 4.116485699680698 0
16.108550797895113 18.402009620444055 0
12.310356099867612 15.855330108737869 0
19.953131257992545 8.015573299965697 0
13.262933815140736 5.912060411823421 1
5.138612519505363 2.4606438148755805 0
1.3462210928455076 19.743597806147598 0
8.88613548081586 4.407790948869272 1
4.233960078347867 19.14464342666141 0
5.406848093727832 6.585755384045136 1
10.683584270289476 19.75993047616641 0
7.37533456264684 1.2448254633798683 0
8.864917500376572 14.116575345196319 1
17.38256047403772 18.480839795392658 0
4.196310753545422 8.188923110418095 0
9.746645358336718 13.614731908462872 1
10.999466183534 2.7509321479548143 0
1.5723104991245984 11.55308000709935 0
16.072070792213786 5.891553274724506 0
9.96570646648972 6.999533033304431 1
11.060710748947752 14.166622367669516 1
8.618670053978452 1.203392330450599 0
7.018221003778555 10.2089897088226 1
19.35767161532009 17.561068235890783 0
1.3523541900136515 13.096499539326603 0
3.601975618517308 1.7848122734671068 0
0.9616573371781767 19.461362442901635 0
10.971072098128564 12.149380142363075 1
4.119205952415818 6.426129996099297 0
16.71360657072728 13.842106037855315 0
10.041320728970774 13.660513885187422 1
15.725758621105282 5.584001461361511 0
2.2230350559886225 8.528791391929998 0
0.5197094573404604 12.77005786647895 0
4.747178345830743 13.839482742823801 0
16.595258831364497 4.405180568924278 0
4.513733268702181 5.53646469251629 0
18.90013554838501 2.572340712104031 0
17.918030248257217 12.579713224754821 0
17.227493028138387 5.980288757797614 0
2.2100671858525445 12.271333488373733 0
17.519270198474665 8.657801246057105 0
2.140293555360493 7.787507127126467 0
15.193974910649414 18.09692263786809 0
1.2054480084535735 18.909231736850508 0
17.93850704643122 14.699571564081047 0
19.58128517404085 7.674171073592298 0
11.921299108714575 8.210445060662334 1
4.449163199393915 9.781063362564703 1
6.11548867527109 14.665503037326506 0
4.979469415795168 11.10333989407681 1
13.469243938816202 19.330736578323716 0
3.784172243520889 7.6186538848629 0
8.5084847997401 10.622199398654617 1
17.077687070088675 4.064232890921495 0
15.400358272120743 15.087816237261219 0
1.4215988661085244 10.854663190557659 0
6.839931656511866 13.808239811435723 1
9.894615589108192 2.7404080331611125 0
7.550223701792835 17.313796853761588 0
4.833404649044106 11.365176607523747 1
16.99299756580126 3.118314482448039 0
5.554595416814849 4.67255361709169 0
15.626227606013277 18.398112160526207 0
10.594480025293445 14.82395316044735 1
9.288612113733869 14.321361303642473 1
3.150777645083327 3.525846538757589 0
7.248268837572058 0.03690594397172786 0
18.170328130550818 19.823045298215444 0
16.414322169163704 13.015430176286568 0
0.9448513239994316 0.8842783772991569 0
4.397461841489343 4.711156539738877 0
2.575612734658226 13.788379586056852 0
19.955664242161202 15.988671672032243 0
13.998090470457015 5.2872387594658825 0
16.8003768756176 3.689566132069708 0
14.677569851246258 16.749161387896624 0
13.168575461080671 16.27390413103268 0
0.9458005301530847 19.04408357872114 0
6.776171708135679 8.065230118199375 1
3.048053478046502 7.8303110058780785 0
9.930256928172671 0.6785148542425956 0
3.6888615968217597 12.536760734353036 0
14.291102574007699 15.280761318105043 0
11.058503225930652 6.963711851260146 1
8.977505076935477 0.8366380555878328 0
6.591110392818655 2.775079743118265 0
15.163383426928378 11.405629189963655 1
5.351237701952871 16.92745932725732 0
1.2614062064457165 7.145635483743778 0
4.001663105998756 3.320555213319427 0
3.4750351882416908 9.458763890367418 0
17.014801527052974 15.851058651684376 0
16.076209743394937 2.890970533148063 0
13.047871710816159 2.021425800299157 0
17.85338704026652 12.361892602629753 0
18.433472191037378 15.160849846265503 0
5.5982480497422955 5.918118958369362 0
1.5904366466297826 14.36084910844601 0
8.96137750324929 8.947841127822985 1
5.802014820885322 11.954779596456106 1
9.581667435084249 16.466694089675396 0
2.4524461794192964 10.00888030262368 0
7.983581381745943 9.209576309389288 1
0.9261784801591477 19.685225772593792 0
19.022065391600385 9.079727604043732 0
4.0654948400188085 12.505065854616486 0
1.9215178980940117 13.727557187307927 0
13.449957350380066 19.31353616331522 0
0.7112253797499224 10.578789299833582 0
12.429872435425741 17.690797309527937 0
13.12710032632972 12.174828034749442 1
17.693272739182202 16.873465075689747 0
12.461336543562071 16.772683326204504 0
1.5922593122469308 17.890828470690067 0
17.020623436752643 10.360362982265789 0
18.540520420723453 0.07845249228416007 0
3.917488988672131 15.435565199537999 0
6.834048273774577 1.881239258467855 0
7.063033074155527 18.01049625821371 0
1.1857449542372045 7.2063015576313605 0
13.163693487459936 9.705805132849047 1
7.12344699992993 2.5866461738915114 0
4.242160589007257 8.919145012410075 1
9.659736150477068 8.215110434516282 1
16.815123627211864 14.452757545599207 0
3.180558864376013 1.828925891251132 0
4.194776689656856 12.34066617707904 0
6.906920336635305 17.013608034000278 0
17.384301407751735 18.351986134612265 0
0.006540511562662665 1.4163763594486811 0
4.83630432335409 4.989160823530265 0
5.035339391149929 10.555056692508838 1
8.400996691047933 14.359436266821149 1
15.087304801647354 4.786338565622801 0
10.180315159332032 1.1179693435637938 0
2.6503506115981645 6.756933753618273 0
19.024460920399967 16.129183600977036 0
11.253442876067945 19.922726686201482 0
6.218829874694762 11.442626139871148 1
18.683174913380597 4.899425949124359 0
17.120593085165346 6.730416919445473 0
16.81040110754655 4.972755359988095 0
11.388173449963315 6.093016466808006 1
7.186217609596679 8.175759455154111 1
0.11505268235209476 17.392553237395994 0
16.444879975065746 17.63690251875953 0
8.36288857428614 10.135630125575485 1
9.36773951088581 17.38768232912647 0
5.796274478046222 17.04565308035616 0
1.5675870929584468 4.757653824638681 0
14.659503136583702 16.345192073987846 0
12.86965053460834 5.646179917059902 1
9.56546838293599 1.9043929985631847 0
1.279833333305458 10.311794231031374 0
14.031519445716915 15.851870281328818 0
6.9789793066492445 5.842227759180767 1
14.373088088409956 7.4675195918549715 1
7.877345625209489 7.523574488441538 1
10.740175015692081 6.790697473980516 1
5.478624630477649 10.929379482548715 1
15.553099592302404 10.009928863565339 1
6.634123315156519 9.004735329290083 1
12.585047064137104 12.936408506363502 1
13.153267277644735 9.520661791276407 1
9.709484864209028 4.143579573023275 1
14.227030949872654 10.332762126403402 1
8.16985006225788 4.546471221066781 1
8.47335822116992 12.22016930876362 1
12.277114692932443 11.388368885595074 1
6.551422522062122 7.959615204224198 1
10.77398992279913 6.88275592656926 1
14.278404776077856 6.690470407376878 1
10.925270142479743 8.826751108823746 1
8.816515740958765 10.249984635134313 1
6.814970373274251 14.857110279412751 1
14.325821000969079 13.75897208185053 1
10.929511316801399 5.618545209384569 1
10.217574506044986 11.725907236630063 1
9.045758586378998 9.397028365219665 1
4.721581504927801 11.1351516873926 1
8.022427040638657 5.771967045277937 1
8.382145484090733 12.239932850571012 1
5.6093132608308505 8.394927703426964 1
13.65721896605709 12.653933183236505 1
12.437031257295008 12.357800157968859 1
11.030699103362194 10.581055759875662 1
8.120141828404881 15.392107269282274 1
13.992309129031748 9.795304625762833 1
8.357933215378058 10.117808912126174 1
9.044385735013801 5.063922740378657 1
13.289939024068003 14.431021194847771 1
12.360308551487094 9.779384129009062 1
12.883985771927527 13.007199022378932 1
10.647029028535082 5.956407419468661 1
15.222477044504467 9.885642868123474 1
4.444521669303412 9.107614727215337 1
10.332666602063838 8.780263838522348 1
8.552320644154378 8.676716826353918 1
13.42394926094389 13.937174301781443 1
15.98019380568825 10.27091829218314 1
11.7792097833219 7.474390074832574 1
13.233453048096894 8.50708636690407 1
14.49601005459888 9.820598071997935 1
13.285578368058214 12.529599350372946 1
6.158931067841995 13.957555771170622 1
15.395155474694871 11.319868945065272 1
9.56397263752475 12.61817018370541 1
12.28493815371044 10.31097347387722 1
8.907666751567769 14.898920307485799 1
9.8199241606648 8.8489721068823 1
6.587150458299695 14.752588560331784 1
9.11906626264008 11.132126494556903 1
9.97942606384745 14.707989745310154 1
12.600020394602765 10.171117068530958 1
8.638334935772914 12.621834871925525 1
5.858170702748238 10.70675385964143 1
7.674485758800856 5.414688968323087 1
15.61870017584459 10.07521777204526 1
8.62746503984112 8.260780815279611 1
11.140538519156312 9.874945555412202 1
14.22544655724778 12.057868120819542 1
8.689410831988367 8.258151145221976 1
11.171207863824769 11.68358768328729 1
11.070421507173563 6.213401219218375 1
8.384417164338416 11.74126285248899 1
9.790572702538938 11.494793453914538 1
5.628072546992091 7.412065261742493 1
9.47528691651807 10.847035822700137 1
5.178346904271017 7.180947159606421 1
13.936454788388122 14.432857711895108 1
8.29488030752458 14.421091745019138 1
6.563245856215034 8.018873808341596 1
9.459863170821023 8.02210280627371 1
11.898976969026997 6.9570755603995105 1
8.83085483708621 11.115665153542874 1
8.75562405670134 5.887170560655271 1
9.817975663112968 5.075062621488962 1
12.88785752665882 12.421093152621784 1
12.027684189652227 8.442821060286295 1
5.6038255907798185 6.561586618289381 1
8.019189137001554 7.880601774300693 1
15.319856697740049 10.13935054250089 1
6.137351461114613 10.616130371516181 1
6.18039302543691 13.759113005656387 1
10.212466805453314 6.167461769887566 1
12.11875208168766 11.986485456733245 1
8.41143001127428 10.966962769370074 1
7.171193120837691 12.957887651889157 1
9.865009983467512 5.53866244236922 1
5.980758337965398 14.015387099671198 1
5.850972921960507 7.9210042188456224 1
14.688279863452209 13.605960613772003 1
8.063139286641817 9.64394071116483 1
11.501289187702785 11.86015034910663 1
10.921156491511347 11.818913370649089 1
8.18052217157485 15.16713243481298 1
9.483190853351992 15.374580865710035 1
14.763728872872889 7.906165856814267 1
9.956600059942728 6.459920458529993 1
12.532348823467034 7.746945389381832 1
10.2790669032416 6.540875511676365 1
9.655880827209595 8.618704477448278 1
10.486804432277273 5.47054806427705 1
10.693835529439337 6.766825743293026 1
13.754947714318234 9.727349562051549 1
4.924147813984485 9.88611389250802 1
15.583954006969073 10.653942823618198 1
11.083771404666646 11.680993406325788 1
5.465805361331364 10.047076996741072 1
5.313921196729026 11.88444396057366 1
11.571815424355773 12.195817283202846 1
10.760600493015808 9.287215165468588 1
7.551129116754152 6.098321701664357 1
13.227451816088946 9.223736590857692 1
8.510668532340599 11.525954413737853 1
10.172937202982762 10.772342770603442 1
7.078668165535317 13.08529362190196 1
8.570979177462839 5.854747177808521 1
11.878302702133714 14.673732397205303 1
6.71379783287583 7.741809586582111 1
10.84082031520785 10.891161306487325 1
8.180971930480217 5.635940670609514 1
10.023242172189871 8.13178151941392 1
7.699197291181054 10.09123821181775 1
7.049337394089779 10.602986320370423 1
9.589294888194601 15.010457378877717 1
4.429796653405152 10.59434870963358 1
7.979714907502952 8.507662246743584 1
7.649139857946898 13.012363530256446 1
9.87470668015164 15.10923817554906 1
12.42162646297002 14.968508309200555 1
15.066845261777065 7.647758893677774 1
14.13837835822327 11.786437636289214 1
6.463267066653633 8.228379557402947 1
7.385660334570603 10.905187734718538 1
12.49306497773137 10.654758441317815 1
6.2532914077660635 11.35144949268148 1
7.529223021305366 11.36541458780645 1
6.915692609581939 10.037810737361747 1
14.3903045921464 6.283924518456203 1
11.832100028871263 13.905768766974386 1
11.539451305575565 5.18979168050789 1
8.204799281812905 7.531474697415204 1
9.452368833967725 14.405154995998416 1
12.263852876387197 8.741641241303956 1
15.343256693641026 10.255286978215036 1
7.330149945438489 4.878083525808772 1
14.453833859961131 12.318934884331023 1
7.855689486927679 12.269375934940577 1
7.299314273127369 10.567573920906593 1
11.358303474319303 14.33621233944919 1
4.87664579074263 11.064156121581501 1
9.671787967833087 5.395455530402391 1
8.851147627876617 14.471950153542753 1
13.425287993119559 11.927981054330408 1
9.182904324727923 14.949556538121929 1
12.74187209816188 12.993320400768535 1
5.938855270866243 14.15761886652339 1
11.352312977696998 10.644913018793975 1
8.98680879067754 14.742161258821813 1
11.729243634729558 8.892063017962341 1
11.131787617185498 7.098391204310781 1
6.532526314584479 8.587072652877572 1
15.819993988743386 10.985873069262693 1
8.725540424542054 15.362791941282016 1
8.57440225883434 14.102869501466909 1
5.285152742526624 10.252728359202745 1
12.409026657161693 9.831239066649392 1
10.45650080600388 6.643780152875927 1
11.854031218748291 12.000123637737694 1
10.51621392962595 9.459536509936914 1
7.765978209541771 12.326149760055179 1
7.978217251683941 7.360233122010751 1
4.7172983497594405 8.69313910096042 1
9.819112872179067 14.723350134176062 1
11.949780181301247 13.350680721515404 1
11.961940668693833 7.433909522496518 1
13.235696729382827 11.053418188871467 1
8.792401703789743 11.651034499673862 1
15.93939275176911 10.093486159080445 1
5.899924346377638 11.525633952808917 1
12.789341811937238 14.707074421826238 1
12.801530401608588 7.594742707161572 1
10.026580118358474 8.444236227743374 1
5.501188498907528 10.575830217164263 1
15.000189348651418 9.885845169543048 1
12.491845339878209 10.466410840645375 1
4.515943100896116 9.272568963031764 1
10.424475584091757 4.720988970865925 1
15.99504983889287 9.880941276817705 1
8.677082857413321 11.126986117080062 1
12.538346285482394 13.13655234619632 1
4.733941843074135 10.12168216490555 1
7.699697464050956 11.052837226754718 1
9.61275514215016 11.903087687070448 1
13.386643522299897 11.641433136405075 1
14.996335462877894 11.388175337658712 1
11.795583587032706 8.405667765324909 1
4.582897186958565 9.48510691403363 1
10.738874668331107 5.494834008871643 1
12.934188969784774 7.391419284586622 1
11.494370443965433 8.962934833708381 1
5.919717940621023 12.534929935907877 1
5.573140831683878 9.726899738808024 1
7.48770021240701 12.936099379771708 1
7.062097150099591 12.469178919516546 1
8.637122272098864 8.65073234158559 1
12.54034693112837 14.946536425986919 1
6.954229184523381 12.19055067240477 1
7.969853964725004 12.848729808741247 1
10.234468899389228 14.398227765155998 1
5.774293510103464 6.039770427930908 1
7.996432743364023 4.822042507546149 1
14.94448609162292 10.078098581404882 1
12.81223688617789 7.042053948088853 1
8.377145609957783 14.614938040530074 1
10.674493538239705 5.825807205373097 1
10.556039258498814 10.46313174048694 1
12.031903289945538 8.578769959282514 1
6.099640638255619 6.45810429416861 1
13.334218105526048 7.109049512834911 1
4.719113600229557 7.712866351306118 1
7.0274518702065025 10.894750272167101 1
9.626180722514842 12.11125405620418 1
11.940606682442137 15.461682360062653 1
5.936123462244898 13.554133089354089 1
8.776558767075446 7.617017050055759 1
12.483023573565575 13.259731975103112 1
8.013711041858528 6.53652753082461 1
14.451562527438615 12.723678786032204 1
5.363496231180953 7.816873468859134 1
10.815717536783598 12.896215012730137 1
14.912578413587621 13.104678207153274 1
10.20418383901248 8.569564927950202 1
13.929652254384381 10.265163660163893 1
13.52435770033466 12.090212182950935 1
15.852506482795025 11.159854566776268 1
5.281650449495028 6.69036456515713 1
14.48148464825559 9.3759404307059 1
13.418820462244646 11.958008824983 1
7.873003658384161 14.192794553638668 1
15.486649676073732 10.968339340440016 1
6.640002021493451 12.82194484497426 1
12.5275333918439 6.443457214812702 1
13.277629685512238 11.042334739564536 1
9.550198254680868 5.972233695243312 1
12.720510796386247 5.5704238309169245 1
5.406167367309756 10.287726057711788 1
9.277876153390938 5.101166032572575 1
8.360070035649374 7.738719102572807 1
9.539052343165652 4.566982515598317 1
8.773178566442226 10.671729267518637 1
7.513566801777005 12.543874470381917 1
7.791588544260617 14.15079629145608 1
8.927782653423451 10.662146070195002 1
10.09193203711071 9.607553200623503 1
13.110921621122673 11.565677645522932 1
7.8321422579540245 9.321346135233359 1
14.521307243762296 7.0038009690040015 1
11.307620869954162 7.948061019345252 1
10.004514704046848 5.937639043480898 1
6.817452044004018 9.3607971595235 1
5.777267680974143 10.81241441782426 1
9.989261901604038 7.8708776703607946 1
5.45915499755645 11.934706324673538 1
11.45352839337875 5.27074476329775 1
11.26502817295509 6.366494591902394 1
11.155182803748048 5.347747047395597 1
15.298309644980145 7.852492843002681 1
8.004042603311435 6.488565531575303 1
7.321787907238382 8.186897738494107 1
7.750067857926151 4.695161462736075 1
10.210275378922029 5.618352301404346 1
11.851024160300936 12.801723886126402 1
8.171897504527461 12.170619977425241 1
7.4550913335197695 13.298407123245903 1
5.178839667607404 12.581071635941385 1
11.274160237909715 5.174237328214311 1
14.761194211597953 8.714440689248825 1
6.654904539361097 9.216921601618942 1
4.926027771075909 7.57057651053316 1
10.009352869813437 5.274351465490684 1
13.648731716217771 10.096603667518622 1
8.707750262321776 9.254312651932086 1
11.24530120726384 7.925605660374757 1
11.806426891484922 5.050325731257153 1
11.960571339151949 12.738983512201369 1
8.349538063095075 11.75845061879465 1
9.349644349154577 8.279254759480468 1
12.747208525745204 13.541279976409744 1
10.836915749096509 13.66331515980388 1
12.55183439183938 10.495881031013795 1
5.434385757347209 12.824661317722622 1
7.652333404161147 7.220173351933963 1
5.382975759681512 12.317691794276808 1
8.94719716617709 15.185013482620171 1
8.465630697142792 9.214827396128356 1
9.780881473947778 15.212317440697271 1
9.026756351578245 8.521680820194321 1
15.300921679575977 7.866442636535796 1
12.073503913672997 8.4909957199243 1
10.261821938737379 8.084844154690474 1
12.145845826620166 14.54764091658414 1
8.964588230304997 6.28231193373475 1
12.108207693228902 6.941637675367516 1
8.82384923606394 10.033167617498167 1
7.055412767201572 11.55433788730932 1
9.103669430971346 14.012630542461348 1
12.655184840832774 15.298438574572282 1
9.277169841693498 6.926369741812297 1
7.138327797757286 9.292236495378141 1
15.28994494670254 10.464736525714164 1
9.96142436319432 7.191266110699792 1
11.771169870525037 12.955323837162746 1
5.3065602870112 11.684023421182765 1
7.581275549472304 11.124461062732431 1
8.843682985336393 15.455426612856533 1
5.527996646000521 8.940977976842015 1
8.502109461775271 12.050423892738705 1
6.532184066989661 13.948746135116302 1
4.400615539548454 8.952252959801632 1
6.2332801517705665 10.68384512249809 1
12.410654756624727 5.471419025623849 1
12.762869648393417 13.28638403200101 1
7.602997702686323 10.565748497567624 1
9.863304743666312 12.366038190600694 1
8.301135676940369 8.357721361804275 1
11.558362160539868 5.882584707804021 1
5.776937712509868 9.970391039234944 1
13.228834329290677 14.413512078009765 1
5.992347492905354 11.614918756964165 1
6.77351209126339 13.3554249546337 1
9.74728323725068 8.605895273905155 1
7.463649459559383 5.787649293894159 1
12.724146608960652 9.338267488672557 1
15.607796305723454 9.962280023631253 1
8.310506823074242 14.423306381401009 1
13.76389315231534 6.854086876290761 1
10.251179368277947 10.007347722871634 1
6.155766139698537 14.461535937382735 1
7.358760549426102 14.555938903371628 1
9.223580201655144 8.284154979696268 1
12.898253639263274 9.888771983055504 1
11.047645393201982 4.900954849622399 1
8.298784229811236 7.400033961495458 1
12.285288596282424 14.08541800002595 1
6.203254250569192 11.681079035875609 1
7.598470813697515 12.89323941068642 1
12.79717223424229 9.310355467390464 1
8.84759593669761 13.042972395544068 1
10.55576378580103 15.181539500830448 1
10.304285295150194 6.667428451476463 1
7.740187569938321 12.434314266065927 1
13.74905030212882 10.933896912297365 1
12.846251330534372 13.763343049554544 1
13.456940620201458 9.12254978888521 1
15.435584380912912 7.483912192552793 1
12.181976760823778 12.74424433510523 1
8.621330230207349 7.438466463364801 1
8.117936732324505 5.650133325066394 1
8.201872591538189 12.138317286666831 1
6.991240300943775 8.955674358277296 1
14.85759233067248 11.412065166789215 1
4.368683308595336 9.356874197651738 1
10.08517198502554 4.819808925720244 1
12.859272634926768 9.87733836201705 1
11.464779309354334 6.786699519256771 1
9.691049881685556 4.796778764885074 1
13.286957548747901 9.343252231281888 1
12.36171232005689 7.863181056960191 1
4.367675509472515 9.801771955403462 1
14.22575262886659 6.731045628889509 1
12.512914357609583 10.059675793326956 1
4.2259487536081775 8.441621098517418 1
14.812004050130255 7.556327282309978 1
15.85481304175267 10.436699446443393 1
4.932182334565775 12.52347356552895 1
13.021972267995562 8.766052393679217 1
10.836001168634459 9.411415874335773 1
14.843847909856647 12.335914452873444 1
14.226794022260453 9.113596944833347 1
8.191732384765833 8.59933080881242 1
8.796469570862158 15.140785657459034 1
8.70142569455092 8.04097372548442 1
11.982380985984125 12.64011789899547 1
15.563393177469184 11.166473883772756 1
10.604836300978803 15.488079176515509 1
13.641856623166797 10.91795600191892 1
15.604482427674817 8.183333115890537 1
11.801838065994794 15.633913836548938 1
7.055818588120557 10.45872762522032 1
14.26982829687436 9.337348306396816 1
10.374618824719557 5.248361656795318 1
10.452704119185247 14.87135385667015 1
10.110199080524549 7.731270612679237 1
11.705451127997033 15.317614241377921 1
5.956449686727849 12.894188301687297 1
13.36010897118338 8.73480356348934 1
6.505824231489856 14.495919977065409 1
8.237351156256347 6.594336362293173 1
11.174887345267638 6.4063546341153055 1
13.613885169906979 7.410857417777457 1
4.219470940509565 11.488121439155156 1
7.353138046946075 7.279363219987589 1
4.906749212124857 12.221370074458793 1
8.755394156974749 11.977384358568512 1
5.142086337126615 11.399910269866314 1
12.093944279995014 15.159887009994462 1
5.438874007468506 12.07735224883383 1
10.523396623496517 12.777756419918267 1
9.335868148791793 9.045925317750775 1
15.612936462209088 11.279085763207078 1
15.057022193894387 10.371015591150602 1
6.541454114460878 8.606815241147682 1
15.153758802177572 10.149052547540167 1
10.320949033736245 10.398858160530654 1
6.672869621968999 12.085759211064133 1
12.1816809787627 6.851664913157203 1
9.568386035528107 8.52280006253623 1
11.855663666993365 15.366827607115903 1
9.065356625705176 7.064976753431253 1
10.859127171631881 4.4068331990564875 1
6.20824954191562 6.6807450513288185 1
5.073958644471384 7.657738752816825 1
8.321880688922612 12.85541297368573 1
10.458440012644786 6.851057556719691 1
7.779508157324155 5.668212474396324 1
12.093346122485443 5.309178928327729 1
14.884938542170254 10.05470748694611 1
12.285314785082083 6.032906505527505 1
9.294832810593716 14.297537212915222 1
7.949433750969548 11.639314904632087 1
5.144716380003429 9.900906753655976 1
10.242408021139958 5.432678558712398 1
11.937701991402076 14.410858405431274 1
7.2251415176291545 12.34815516769226 1
8.089867776229962 13.958810549557803 1
5.918729784554822 9.769816455054713 1
7.966900850391745 9.326997304710552 1
10.667060041467867 7.204710770141183 1
10.173359136213929 5.273967076405743 1
11.779377534348537 14.637494993528712 1
5.279088364900028 11.096126853909604 1
10.674565919783905 9.56611236051816 1
9.054303780591509 6.4640103527653725 1
11.749255215376618 12.70955686895045 1
4.778299837955231 10.649684820754729 1
7.9669110444354985 7.529647931447192 1
9.305825010611716 9.915044095937713 1
6.0807780720379245 9.94118125927465 1
7.535203564948445 10.511762736881138 1
5.368790581507124 12.542747127871852 1
9.223331959514292 6.401233493361465 1
7.883280447534029 11.340600048486976 1
8.576108414279517 14.52635589685704 1
13.951565636882455 8.805862319864746 1
9.461461348906642 7.474797506386066 1
5.503482241474289 6.209045312785843 1
7.7991785896436845 11.692275351436328 1
5.1841071112650505 9.84389686676574 1
11.468510886630785 13.374391819083208 1
10.836452535508815 10.509309627506125 1
9.59969411329303 5.778645847940027 1
6.012372500514376 12.991129442723892 1
7.859118268050757 7.893580593524138 1
9.334009172548093 7.124870469354474 1
13.513278392952053 11.406360550772535 1
8.525540578814976 14.929889460215511 1
12.343994989130216 14.303183405347092 1
13.493026759466494 10.244153078803556 1
14.99542139780206 13.243971560424413 1
9.5342177265291 11.030202596149376 1
6.09233378428563 13.376496934182198 1
7.136491796380446 14.31207437239759 1
13.264330302625885 6.4565676295635255 1
7.9105772542232184 11.30453798715674 1
13.12354437926465 13.012615663099812 1
6.20417976125712 7.232244124195635 1
10.550454658712194 8.557118173673366 1
11.923303476289863 13.140632668565132 1
11.79406396330788 10.75018112498158 1
12.227737214930157 11.525727474449091 1
13.778268457989336 5.97473043246622 1
9.863138074696776 5.4380293457570446 1
13.251022186874726 5.21596256685299 1
14.336423526586442 8.964072906488024 1
5.03306833672216 12.349106741843535 1
11.253830227145368 5.44413124458784 1
4.647946868393291 9.039950845046631 1
10.794336465432679 11.963657829999093 1
13.797060799734792 10.2697275009173 1
5.847103689523925 11.161784636568948 1
5.7009600481145455 12.642129114421179 1
13.892736856216544 9.963862315130482 1
10.316683568639425 5.730856944132919 1
8.439560552279453 10.7092273921491 1
12.930315037812946 9.119235945654465 1
15.005370499107853 9.850669955718246 1
8.16362290228468 12.680131232698368 1
7.023633348562992 9.395609417683634 1
13.660989770128467 8.220898660407128 1
10.008591269526582 14.330640187694357 1
7.2208772776625585 13.607180476662329 1
12.877501675205735 13.755755582900576 1
11.207805607554306 9.156710494425289 1
11.38761199446533 13.661677065417955 1
11.12610096360797 6.763190825656588 1
8.234379210341267 7.720864802708787 1
13.195385957745568 10.502130473298264 1
7.981216344823134 10.872552868125966 1
13.715363125454266 10.020859720927525 1
7.69546355264321 8.432666836203467 1
9.458815968571608 8.465844013245752 1
12.95710848630044 14.020218617033951 1
13.044877900173347 9.351639658124697 1
9.5869701951471 5.326227179642691 1
13.928121213658928 6.230151800809088 1
8.81593874946989 5.643514594261784 1
14.549451431694674 9.80252319518594 1
8.06398166133518 13.749405520916177 1
10.855852464022222 4.5437393063538645 1
6.166318256721328 9.582976703191298 1
9.904017930615348 8.750759749766527 1
6.9120715507212545 14.70111228083785 1
6.078034785461992 8.917371278165948 1
10.798362637380002 13.842275757801193 1
9.709589339143252 7.875467365552824 1
15.593339696231421 10.906514763594092 1
10.856111091742559 14.995909859277884 1
9.153707192296373 12.027619647901052 1
10.267752833202763 11.33714838743915 1
14.222692412638692 6.263129025333329 1
6.752070021747247 12.29690548826801 1
10.578189421369796 5.783820464929203 1
15.740846112681 10.083347994949975 1
6.451771533513114 14.354320596542475 1
7.153211715729149 11.918594772183857 1
5.447041880488721 13.02499532864632 1
11.443746565195884 15.01882426907799 1
7.73429799792726 13.640813991041314 1
10.120812872587319 12.455529170331243 1
9.077117637899995 14.449072341130769 1
12.364215954852906 6.250788494000529 1
11.348895975910139 14.907258548661105 1
5.642020004302875 9.486656524713684 1
8.209619163077967 10.196607673620065 1
12.80556459200074 8.520944600715438 1
15.893676744330227 9.722412558626775 1
10.237306781333462 11.524436749446856 1
7.005638421380478 5.075307614387814 1
10.13134633830402 13.466951826116114 1
4.372736419181972 8.59211551978956 1
6.546647618809702 6.646954786422949 1
4.59833035566545 7.892159340882275 1
6.831023172857442 4.946656802221097 1
15.400394682038733 7.493332613524402 1
4.222839364685296 8.64296258056941 1
11.864479137128292 9.033748556132203 1
8.430852420674713 10.364598907365902 1
9.762904583772105 8.281564359226417 1
14.24846566216258 11.986084811590239 1
7.538368625103273 12.564428984644904 1
5.77907123708261 13.690961015824648 1
7.972246475244969 15.52944496136228 1
5.790213705275304 6.413928706725082 1
13.763080327759685 14.212724644776136 1
7.964487883377574 10.310968638819457 1
14.09960472667363 12.73494453263444 1
13.923101434528057 7.675028563567048 1
10.560279909583269 6.174264284592108 1
9.476155434399427 10.600499102001276 1
9.505298276226178 8.116894611764934 1
11.082204873833689 14.53327180442817 1
13.062243555805665 14.893695054512468 1
6.866507607967041 8.842685432794056 1
6.450631627423591 10.742502275624908 1
13.475691188316741 13.50007479659492 1
8.427198232015005 10.415031683865404 1
15.063839435221713 9.012628358611197 1
7.282837487450971 8.853503025142007 1
7.823553110427628 5.494070589090159 1
12.776532213471048 4.729128484050369 1
5.505165376522346 10.587467192932182 1
10.737956916949106 4.897381339188398 1
12.317091988199758 11.904478824523256 1
8.655060660212865 9.450038794300319 1
11.307176624087166 14.300228910513441 1
7.146867381774058 7.37440501874498 1
9.8109147184888 12.468680261926634 1
14.899500263407502 7.979031303455955 1
6.846114255858582 9.02662814260798 1
5.180942222914413 7.798485498891436 1
13.835296428158102 12.732801450396718 1
9.859442074866935 10.773347551446676 1
11.813291888989678 8.210855222389233 1
12.975133281876994 5.264322767035241 1
13.739852899390144 8.559793013278924 1
6.79224928386307 11.469657269674174 1
6.874594898126441 11.677027179197768 1
13.309951714549461 9.101613953232093 1
7.627832727437342 8.147860196245025 1
5.661149213566197 11.763894825148963 1
6.063295999071016 9.169881942900659 1
9.730715376849162 4.972389292322337 1
8.457009909566011 4.601538751006011 1
8.580663217873877 12.735492005711839 1
6.473856606859043 11.51994004361046 1
