12.62990061862785 13.070155408829908 1
4.124225071593481 13.579090989213217 0
19.950388030134533 10.418207957456216 0
16.342936592869194 1.8274383583273779 0
3.9210077488658945 2.2841935106204825 0
15.51718061412139 7.113322225730245 0
0.6916108225151429 1.7578238828769455 0
7.108685091759391 9.784871588909205 1
11.83065378449273 10.311459118748814 1
12.677322078635653 6.668618924759057 1
9.596526948736718 5.855892865247316 1
3.2584844231609833 9.1642883472829 0
7.561600331680809 7.368382939745199 1
2.404025471228033 2.361493631750722 0
5.255145364968521 18.26735926779883 0
13.339313353989263 6.731630509339519 1
8.401097875545355 6.786464138532269 1
17.607521513999306 11.423341636914689 0
9.687706380987002 17.488479610173403 0
2.905242831730417 16.213135906911944 0
9.967350790364609 2.5054877081605187 0
5.69498624838668 9.054037730202989 1
12.927411120159132 6.058078834569331 1
19.022800377383774 2.9124932114524538 0
14.251293002745165 14.384135017799235 0
9.37790332219157 18.81755749403736 0
11.311993781054202 18.140646345819395 0
1.289513080248268 9.056927914465287 0
19.787436742421786 4.968256903305672 0
5.052627972262385 12.990648496762017 1
6.76460937710504 12.104570099035206 1
3.6365409598930354 7.991798082900672 0
9.816274797693815 7.977915205729092 1
11.850222133978306 1.612156794053361 0
13.100495162753475 1.2391795037737308 0
13.40573459497586 5.5471902498144665 1
6.919465236276173 16.11280285568546 0
9.286483271273742 6.808191024332768 1
13.596678370464495 13.698690715115774 1
7.830989871574041 15.820841227612537 0
1.983537521870371 0.8020356569215137 0
17.44539793035051 14.880780387710292 0
0.5183632072055033 16.952014554038033 0
2.1178547929557 9.903808941154415 0
10.278699521556218 7.794349683315566 1
8.591354977669532 15.87095533092037 0
9.264197117577721 16.42366655168034 0
5.679156431382935 19.159230083586756 0
13.825420948820513 10.454028604196868 1
19.122055037239015 0.5011159247519115 0
19.172684452401608 1.0644977139374001 0
14.827402794354343 6.906201485364399 1
7.705900123306022 12.845682255650761 1
3.999453280431795 13.257383501806203 0
1.590172340519218 7.819566214957221 0
5.597125695389035 17.460119438453454 0
13.85969899062336 19.950507634897587 0
16.846858050781673 4.118296465078628 0
10.327251075781268 1.2861237825895788 0
0.39452632471071114 3.0811318860341386 0
12.011022091713873 16.405261960086715 0
10.876905891949786 1.0150074538785137 0
7.01640911836416 5.532589818346681 1
15.003863905359715 17.640865964028624 0
14.807103471777323 14.290840165210621 0
16.69273423596119 14.780716651584328 0
5.8472830710755535 4.051445473095658 0
19.135786498352395 19.994390788320576 0
4.40496756826999 9.077025303795947 1
15.725323005872466 17.012679221702335 0
3.1443166268304656 4.49730190422065 0
17.37425279690118 9.463060300785163 0
2.502283097973461 8.937785771650743 0
12.528697949503442 8.246475727246223 1
11.222663707053472 15.32197025198222 1
12.863920455721328 17.704607413689935 0
8.086199848344949 11.48697442438587 1
0.04072508537826369 15.662130624134047 0
9.522954474570327 4.385505133166121 1
18.362326073424782 10.985680120037616 0
3.3543091980580253 12.414644479775783 0
0.9912694733354033 2.2531144735442465 0
7.655045510693334 16.33676193918285 0
4.521203993584422 1.2071332855051997 0
2.6347588882043693 16.058310877180222 0
5.65002210294244 16.53556669030085 0
2.9296116654624305 11.59092117024247 0
0.5111576950195151 6.8275761675029685 0
12.44979246236726 8.732387621103545 1
17.495490381444174 13.478104546922223 0
15.716078224068607 6.306440489386298 0
4.42892861034098 18.643693476433572 0
13.94699751345815 10.646480116484076 1
17.01774871786998 0.7812898293385184 0
11.557942847053162 8.909496950531167 1
16.5169947332871 19.13864837572167 0
4.760071272216299 2.533481462314593 0
18.742030223193694 14.302919763513788 0
2.437321966638857 16.289834698757677 0
3.6957247998399168 1.7824327549024455 0
19.45683151998607 7.983457682563895 0
3.9388101964775024 8.30094954338785 0
18.109427453232623 17.517847462661784 0
0.40113219207741135 12.553603580914178 0
0.24463246431439822 8.589972819721536 0
5.641330149307122 15.01601368671233 0
16.901857309166004 12.519636447875817 0
11.57184242217131 1.9180561988304423 0
11.012797698131688 2.618293841212649 0
5.91448561260367 11.434163752549688 1
8.913047134568533 15.24870760365621 1
19.37133761464334 13.249322135252852 0
6.585344919405143 7.67664004335866 1
4.825902489173483 11.625790777429152 1
7.198560844879937 19.590299913124905 0
14.155628417986144 2.5401863161723104 0
14.328623662967264 9.565295266444158 1
12.044250794585958 6.651561435099513 1
2.341905427016644 12.285098157619386 0
4.67669945883062 7.9555407751612055 1
16.679878696230443 17.363350145507784 0
2.3855911702991395 4.198698034385934 0
16.444491077061073 5.980080925885105 0
18.61259448126438 12.264948105522093 0
19.6553443322362 19.371656162453654 0
17.441326657639827 12.354810732874586 0
7.563179225816434 16.92729623638976 0
8.975092044150038 17.511154807190387 0
6.813304298072014 17.15653702441069 0
8.127541683940878 17.514449864665554 0
15.947660052424721 3.99734966386198 0
14.919096363794335 19.48568715071626 0
9.373090794450242 9.48694304548379 1
13.402621560284924 3.476977665714407 0
0.9873347833653856 3.3699896382227768 0
3.085741428886015 19.45998402310377 0
12.880195503036372 14.841349518953933 1
7.268316652951478 11.368334354873536 1
9.22937052356706 8.176891723801262 1
1.4396782926467089 18.602205981649654 0
0.5422706061565874 4.718163274365395 0
19.167189143768564 13.590021650735569 0
6.613757931343731 11.744624226955304 1
17.499049334897343 14.484540233653952 0
3.677646666202248 16.832453132543563 0
3.8849415288389966 18.898849048750673 0
1.8620531290943831 9.346627831105106 0
3.518904899079789 6.25064057624347 0
9.598660066191737 14.403164762017767 1
7.3026463424521175 13.282926687531011 1
6.245410693244913 8.028196540471885 1
2.567028489989609 1.446771444959214 0
0.7777372448566267 11.058865555496396 0
14.492008105517511 15.67730211055604 0
0.34826547762887294 16.01835624181591 0
1.0235023547960753 0.8361700378622827 0
18.09947586260313 10.796201166566215 0
7.934451212888618 6.847755426676352 1
16.831284397280704 3.222772690224518 0
7.37354051363819 9.658723971035503 1
11.28351611745239 9.758730085892617 1
3.3675159308433256 1.1214396240072988 0
3.143310328701483 10.487656841231415 0
15.34264793111301 8.48471194812845 1
10.762518864816125 17.484965805806127 0
2.4462055198102672 9.714256506705079 0
13.218111497883546 12.495521394521546 1
12.504916146998966 8.570943321814761 1
4.67810990303809 2.0329555978664637 0
6.250088155335676 2.9071366408809385 0
10.851910128717705 8.019927014596512 1
3.7977558449164883 17.32217425918644 0
15.7374820325849 1.4616322966631934 0
12.033203748699597 3.5985839107891815 0
12.177903550778266 6.623130659428378 1
18.159428501014734 7.577309344657774 0
3.736633360758921 13.618122548573508 0
15.103609660326832 8.714946985867664 1
13.366516660322388 13.731107968736136 1
1.8953440117907316 17.72737030769378 0
6.511338681307867 17.347885133713593 0
8.986924265239502 10.668385921757991 1
4.1714325439285265 16.756649768587582 0
11.175102799859882 10.87135202775462 1
10.60578534632078 15.643149748130918 1
18.721225256898762 7.306719323158751 0
8.103693262669111 2.3671502382520138 0
10.581317077175774 18.084861593709448 0
13.687671863903965 14.782767887844424 0
6.339645717286193 10.267937000832566 1
8.974542075672874 1.2767487682725998 0
0.5905374871874769 5.804299525835548 0
16.017070797999665 11.85211773947567 0
10.399014727402196 0.7538541077784422 0
0.6317639930068375 3.4522375958045948 0
19.15747838827359 19.72969296390421 0
7.4804094284438065 18.301421548632952 0
6.903538265399147 18.328673789021444 0
0.37636216500939845 8.353087751102915 0
6.661071364202713 6.899150309356344 1
17.219354072475586 10.2405803206823 0
4.762532380540343 0.5164218877539284 0
8.002755942184345 9.039104118982486 1
14.625803875431693 0.3375715274012947 0
2.598222781775088 13.228166735766948 0
9.998622828518219 0.5623827510093227 0
11.378197535740792 2.881917113086905 0
18.758801612323992 11.033886743363263 0
7.970381059293543 10.640820451346373 1
15.844709038010974 15.60722646679067 0
8.449723143776051 13.00949055335945 1
5.271456192555187 9.918047540844462 1
7.353529313919442 15.226462304172383 1
15.304308044165673 2.303453554650361 0
1.5786388847764843 9.724907984456792 0
10.644573107367197 13.634291337943951 1
0.21932694375814465 6.195054068338985 0
15.143491613445415 5.245276489180828 0
13.922391374736726 3.488876165820609 0
0.7460281643395805 15.823072837635337 0
6.873433195547558 3.3394132008228827 0
14.090089688225094 2.6853543582100126 0
9.728320592418495 7.960434328271784 1
8.764985342113738 12.71328681090834 1
5.763972530633266 13.769006932081467 1
6.639358983144675 12.010751340061223 1
16.61772301933811 12.962836749333466 0
9.935962728680131 16.181518413967982 0
1.9751522782963504 8.646543406875978 0
17.954956298195018 3.3688332283551947 0
8.414769115827298 13.717615779898507 1
13.291837688547743 15.614097445454414 0
3.6343331513153165 19.52427046425904 0
13.029188857686943 2.6005788658757867 0
13.89737548103749 1.1896711529491832 0
9.778821666253839 4.350930951045717 1
15.98453085595014 18.254247732869366 0
0.9600902061973038 17.426866752961743 0
13.090020556566092 10.489444705853504 1
0.5859495121088454 18.08162895324781 0
11.979839290074846 15.0703272100211 1
4.564028631617891 10.910432541077599 1
10.304169365956636 19.920911149051374 0
3.926670570068085 0.8381480080559056 0
16.42218743995338 18.762095153457587 0
0.8601206093583014 7.45891054410472 0
18.292724602744904 17.6404676291606 0
13.064736778887056 11.18647397616828 1
10.127746736708762 17.31558809756612 0
19.456319457740964 8.627515982879228 0
15.63033281291558 10.248331216514632 1
12.51001837578875 0.7328295207978952 0
9.812774399825512 5.340998634552445 1
18.803315426466153 17.38071673578785 0
11.82136804538612 13.214959633733518 1
16.09521812301538 3.8465978135839007 0
17.260390653566887 4.496858916449349 0
18.89785575543023 10.026960996608096 0
5.644010888471735 0.046460543951232225 0
0.7911178660197438 8.894515526692203 0
1.310976466256304 18.133222582023677 0
16.402273731669876 6.867728902075236 0
11.93015577217642 10.079159615245565 1
6.742272812190975 14.969670801097026 1
1.3404936935872436 0.776926711179966 0
10.567865209227618 16.02686478861034 0
14.544318735024644 6.937403704357918 1
1.8944855828226914 0.10609615669663564 0
14.154526432120853 15.518698538611787 0
11.054317603267885 12.774548147577907 1
11.430670304178667 18.035151304666844 0
0.19829277601671746 5.2102684767366085 0
1.9521486087830975 18.54930898650423 0
18.12850179202914 5.274140309446862 0
15.05183090693077 18.279927617050394 0
19.62338279928835 7.764958814470313 0
9.960186075415525 3.819423758334417 0
0.6993288309315382 3.0113050129144625 0
9.043612448703582 13.423948701234165 1
0.3881762516873666 17.305845159162626 0
1.8273568676337049 7.691682089815988 0
3.620862628493211 18.782510069573448 0
14.467110630305204 15.537781111013732 0
16.307699055827225 4.898854460209168 0
6.642963441295611 11.681530773089609 1
17.184466892736076 10.014365634781797 0
3.6614531534590378 14.83989273769586 0
15.146251720614005 9.033356461597705 1
11.677087822590222 19.66106196658132 0
0.16596320040455304 3.339558751217966 0
19.42488852786693 12.975135381765401 0
19.211637463913718 11.184572931524144 0
13.39321213178801 0.176006836717284 0
8.987071842919626 8.711260104615457 1
0.8326881104611505 13.491101205931677 0
15.542429488189624 0.727717647245314 0
2.7485457557750625 11.39924844655047 0
7.650150881499965 1.396662610375694 0
15.60270884568493 17.40483429643675 0
10.067787662239358 0.8066910218536938 0
4.254070989011565 18.13228721389438 0
15.789385572009166 2.254828477002009 0
9.127809455931306 11.61583512107606 1
9.639749251841842 19.366586291390067 0
10.946572039272521 16.139125378058168 0
18.666890841122747 1.214545692608342 0
19.90189094302873 8.704564116624026 0
15.890361339307624 11.328644635665219 0
18.31033553952714 2.8447760814962963 0
6.684539735492976 17.159049435894175 0
15.137248728727347 3.5519147197960943 0
3.6854717246978863 10.316164903658116 0
2.2513377221396014 12.703481650847927 0
2.427678617172555 4.181927329749005 0
3.0229111579115653 8.986124619130356 0
11.5025657490906 19.483726643502063 0
6.490148104870476 7.767892002157271 1
2.9372001368586242 3.2674526194489406 0
17.726987681338148 17.589488353760185 0
5.334577511791167 15.73918027819494 0
13.33904460623276 1.7026482169635004 0
9.811277324348195 19.961855763958248 0
16.564903272049825 15.443465880101154 0
16.00667094978978 2.738229505483112 0
13.649310279287526 14.405983196490684 1
4.519263602901368 7.112902361554743 0
2.1785622685412687 3.0656567235816534 0
3.0005632484347267 2.5317590822746405 0
6.78150333423085 7.486575400207478 1
15.282979157809732 6.084163503586111 0
10.183445886612837 19.007970606622855 0
19.400585609966182 10.37479554965826 0
17.980144110072565 8.596990712925333 0
3.5343690820903784 5.790223358912865 0
8.708582844312634 14.472235755022272 1
9.432962959752313 15.460004631190946 1
14.002858264701285 16.574860465841315 0
8.729021281761026 6.1269924104983575 1
14.442306930017981 13.013513531333302 1
1.9829629402489357 2.745362412142043 0
8.137075776572447 12.682454453396659 1
17.48084616963557 12.557759205323213 0
6.1340230212334035 2.553069869897606 0
8.983486054293229 2.6264699368293964 0
1.5581109457388043 14.672497313478294 0
8.956768709416432 11.527055328535464 1
5.507846440278826 9.230402201800587 1
4.823718012371188 8.73459015959806 1
12.359175915431386 6.577730681016782 1
11.648932817548289 11.827927316557265 1
8.881793443937918 14.123543057594205 1
6.215353873944432 5.541557950185874 1
5.772062410056902 13.867271281416373 1
9.785090395322282 4.950045521657442 1
14.539180236397154 7.712452793069476 1
5.893801806165508 9.056779504674973 1
10.438711287130534 14.876228720545722 1
10.863211317971624 10.700253546016958 1
7.366817019930969 5.738948119003009 1
6.395002246313721 11.41401860300636 1
12.286337991859517 13.474959694675997 1
12.310095649864195 6.509559463509298 1
6.373812768726676 11.517149581315705 1
8.613672736482417 10.356119022380447 1
11.135448826311462 7.544904972874953 1
13.887933970855741 12.38381435742374 1
11.121169308287833 7.5525647503374405 1
9.309685985613632 10.6336392873441 1
14.928672072772208 8.123335861253587 1
4.031842256857859 10.252723892646687 1
8.158971130109347 11.585598657426814 1
10.26415864727407 4.406576357617171 1
5.256419696840206 12.270476589165023 1
6.559069894864402 12.73737794512283 1
8.896031735586547 10.0510484150341 1
7.658605932622087 6.144025600309639 1
12.298737023426526 13.061238124524904 1
9.160868983228838 6.063469502489836 1
13.028399537148928 14.252216880049271 1
8.908709088297977 10.15774438859782 1
15.357537309542655 7.911489638211835 1
13.442813361603516 10.425261824285538 1
9.702192677312343 10.403376527337553 1
11.505751878987653 5.622701175064291 1
12.737026726979154 7.755413589153837 1
7.891416446277808 8.748707002587388 1
4.555643884015435 10.371419423480091 1
11.812201416906213 14.128863251758032 1
5.891968039749709 13.35419994543582 1
6.493610043732534 7.5949977959269965 1
12.454702797142815 6.513432891248221 1
9.756448540708584 10.00362099746331 1
5.056487511608871 7.520866934601431 1
9.521535416875235 15.040561802487735 1
13.724950770492727 7.6452111871231825 1
14.450586116781901 11.987029513498085 1
7.698140453409197 8.267579525270854 1
5.4840324038476895 6.705314329129961 1
9.565357826161478 11.797579005776502 1
13.257218594080388 11.67001438783262 1
7.637506253097861 11.2859585324341 1
7.588614444121793 12.400924758896553 1
10.462816771127459 7.980527505365687 1
15.056003588803296 10.159124272594566 1
8.11626820841826 12.790394598817436 1
11.961727291636837 12.055940906636021 1
4.967209982449068 9.525067595150814 1
10.07916369468964 13.09733427060328 1
6.867255017800971 5.636800747905828 1
8.50032555027073 11.991607469686912 1
7.591173788989525 5.920690180057278 1
7.42188120981214 11.376495229344744 1
7.2644806530351165 7.607055704956305 1
12.716106474806711 9.53781650665966 1
6.0593060800390734 8.577097674174086 1
14.340304363330198 12.869121167231466 1
10.944565129962488 6.878950027175835 1
15.659129120007641 8.60694033717719 1
10.863746014915737 9.526232354091718 1
4.640532829204814 8.256659310003174 1
13.250417021418242 6.519581444948484 1
12.80285473581175 11.718104176018883 1
8.02518685167247 14.121646720276544 1
11.345103470284004 9.792978970141323 1
7.81976221311516 4.638737667591668 1
13.22584488322617 7.882473459026727 1
9.772515217531833 9.4742087135639 1
9.244837265799411 11.38722442331509 1
13.90141417818767 9.875397841292958 1
11.489552478188749 8.2313307570549 1
12.620972423795516 7.8951743857964445 1
9.532259583866855 13.641360133225238 1
10.665873630742643 4.271615585516599 1
5.815992525182454 9.880214294476188 1
7.213892604031571 9.13131257360627 1
14.918600569809826 8.815967030997374 1
4.1939369802252475 10.951331217170534 1
8.30415977549887 7.4631650127034765 1
7.899089060150377 11.703283227528068 1
6.227044030875055 13.085656363276927 1
6.141331600188349 12.754243054821327 1
11.054701649765024 4.453084675966803 1
10.447598706547067 4.094727896041936 1
12.502303593596757 4.595517045126423 1
12.840236187388264 6.984946896408745 1
9.862271739350835 9.827985961702128 1
13.514876028984874 7.067793879927448 1
10.553836572382274 4.16155167453693 1
5.948732052373941 9.192042299637539 1
13.298371056360232 5.081069481813724 1
12.933748772329377 9.702590031199605 1
9.224528282844993 6.712201915539087 1
12.789131870846353 14.692962400795821 1
9.54718058876277 10.803620278902162 1
10.112050000568683 14.357060635992934 1
9.230772192939234 15.33664889579559 1
12.982052533661658 6.300064796759395 1
11.378824141737049 7.561484233069615 1
8.529848525967992 14.197010930536525 1
9.033669085196523 14.233323115094834 1
4.905369583466285 10.28811244855528 1
6.1255187349054 10.04680819036263 1
11.045492729549387 13.137054643641932 1
10.380034892300303 4.847358635289256 1
9.931256784625921 8.87781743653375 1
11.74564056988025 11.002626695521382 1
9.268580730480856 12.231488933137623 1
12.49162048619856 8.178162818921628 1
6.938598705135832 10.797199079175847 1
12.574378624779994 5.73480580651341 1
11.875442948756746 9.75961034341853 1
5.791605733861482 9.12308801466735 1
10.347493480142136 12.5982119376474 1
14.715046343937093 12.734267609639797 1
12.826611900101785 10.411023097584618 1
10.636977054931926 15.059173908993913 1
11.323697741188488 13.682000148866793 1
14.374516589067634 6.9267740646506715 1
9.550764242434756 8.26194244361719 1
15.475849006842779 11.150059789533636 1
8.893810839028768 8.376474000537122 1
8.279875292324379 13.371492582110056 1
9.655124528413438 7.254128881302629 1
10.471725230208989 5.323174275733384 1
12.542554738032388 7.46483502754177 1
6.7501342678297105 10.43455632252824 1
10.667666657479165 11.146713814635214 1
4.964847517404863 9.27317436780233 1
12.882659454719823 7.665316776899697 1
9.11197735764375 11.869120310307853 1
7.997782425170907 13.349458775056856 1
11.517997944742058 10.269748081171313 1
4.420813598571105 9.169961722800204 1
9.051232834825704 14.234806777670448 1
12.978195431611217 7.9032347380495445 1
10.45793062661793 14.979735513155843 1
5.717900173573598 13.194517641017569 1
6.866551342806546 5.534131785037704 1
12.312045735241892 7.698611559789638 1
9.797352227463538 12.280290224396666 1
