17.474310281559518 0.11679669964795192 0
6.074493786981057 8.981960529346884 1
3.8580085050089807 1.4561547931260388 0
8.349594329072401 1.835954911162243 0
17.854813133737608 4.977817713053055 0
11.057271491569674 10.743327611962963 1
14.57382434929238 4.3914619071867245 0
13.687834893829384 14.269115883456777 1
9.304860332531703 13.084297764069191 1
16.817905797270136 0.0736340957331616 0
4.293773906139706 4.923905688645078 0
15.332821503004055 6.694542813846239 0
1.0412626873129205 11.955371111429045 0
16.116605475733866 9.093420282133629 0
1.4704592876268152 14.989588960811622 0
13.86270455840475 16.72941060368583 0
9.079217742060502 12.157346652514649 1
11.483567942117281 13.501803094251843 1
1.3258401568749068 5.935857958819057 0
15.642863334614603 13.16946361358156 0
2.5977194075884014 2.8244426845276904 0
6.882405998925321 18.79985888403073 0
11.59450141043926 15.448231552583158 1
5.4973396954708225 1.8315572674026903 0
7.012764046820448 0.13248335979772374 0
14.12953397534207 12.559781336621166 1
11.151932909451197 7.358737986249803 1
15.528264876482291 1.278172713561474 0
2.634640277922613 2.549555510505046 0
17.060830014518846 12.330771133746092 0
3.670358336612063 11.516919850769568 0
2.639189170648719 0.2399038791187813 0
16.860219909913596 17.81336146151745 0
5.916065643509432 19.805941202933333 0
1.1064200906469823 16.40913007968114 0
17.5037223088873 15.54857946263449 0
0.643413299682043 3.3004332447987594 0
14.34774908414471 15.405459369460262 0
8.820560571838115 18.751110934809205 0
13.578364008693836 19.59210638242987 0
18.738255860446543 1.9111742087851913 0
4.16578394668659 7.745596363550402 0
1.6349758748012588 0.756425469432469 0
18.962680335399185 14.286695006408152 0
8.042830724595671 10.29357711156193 1
4.683570747333015 2.747002479824463 0
15.413122720723116 16.330903067962016 0
13.070706878968883 13.56644237085283 1
10.0876872246989 6.235624465597656 1
0.11620515478190985 7.927365424198021 0
14.792600095245325 2.2218063531195553 0
17.420012454718346 14.9286960324367 0
17.53325631928243 0.7919924090885977 0
1.289970046426423 8.660637296869604 0
10.748959110874338 10.342606490198733 1
17.66129692752581 15.734934070439406 0
0.15465262996755547 10.54833372144996 0
17.05319427773169 15.257983413522053 0
7.659198496277559 10.952754425526512 1
15.908964943238797 13.697089425449658 0
1.1446959733582451 2.479780668237639 0
0.04099502562425528 1.4486379051254983 0
13.094791794819061 15.75766414812507 0
3.5653752666616256 14.89113971284584 0
17.797648533532993 2.5675852540466937 0
13.067430500958324 6.827848114755053 1
5.736320979752967 11.198285310323673 1
2.945925803867664 2.53051449411823 0
6.968918952682106 10.41953934401838 1
10.43856461423802 12.7798880285705 1
10.194425309430638 8.633427431532272 1
15.79743273440904 11.856158577985173 0
11.554410923247252 1.8065694849162695 0
11.03034582236133 10.784995662185601 1
12.278559477596978 12.453657351173712 1
0.18313363066228439 3.7483178350601176 0
8.574771038045121 5.836224164179756 1
18.59331259513977 10.60152227717907 0
10.805415153967854 2.211899654313656 0
10.647551115624072 8.309596749143255 1
17.511998930438267 15.677653010086035 0
1.2881791687180932 6.647771117115728 0
6.2868778510109795 8.630403655654188 1
17.42055124740945 4.5683212438433785 0
3.6465833926639935 1.333023143359937 0
5.341621856234022 8.488092704462268 1
16.451120653813692 1.0490187354326697 0
9.658373170653258 4.662822798253774 1
2.2658333922138074 14.817456866223699 0
12.962184681851738 3.654656051089422 0
5.457462651543645 5.277577585336905 0
4.923813560740806 5.00388432041375 0
10.234749829326287 9.952159252308698 1
8.919384768732959 3.554884283428865 0
16.617841779747152 3.065828340699126 0
14.262752721416343 0.4539453062271215 0
12.294471351487829 14.795697527564819 1
10.513510509646956 3.763144395188347 0
18.553269306341534 3.905290148594578 0
19.285860321510924 18.681267434663507 0
14.749322865873136 9.627719208505619 1
0.29821614828242415 14.280188942474723 0
18.26914977693226 13.504687438607299 0
9.081425341280646 12.811106586007611 1
9.196013248705574 6.466024933177228 1
18.571716559861173 3.3782989269894026 0
18.235232308795638 5.1924659909645925 0
3.883740355812755 6.921118678935527 0
9.479120194627235 4.248317237134143 1
1.3803596957035835 13.588272469976294 0
2.344232005454805 5.25710111561791 0
16.148913483394885 9.899691419818437 0
7.304360179171196 12.957542002443667 1
3.067581544022351 12.596654006277932 0
12.58790805052114 13.557871417354603 1
18.225671148166473 9.904808157701776 0
13.639866084887586 9.492958175663214 1
5.363175830760123 14.705409912494755 0
19.509961565578035 3.8046973431335696 0
4.46615768333293 1.8305995148726817 0
10.34969445749626 15.248676499897362 1
0.7797287746370318 12.137165181217007 0
6.032346337464598 18.35352694457568 0
12.64091888362172 1.2000215793442703 0
5.181230626099733 15.548984739589711 0
10.60311305524299 18.04141575236101 0
3.3085232119645225 16.590196144783057 0
2.873141245630726 7.12988144369906 0
8.549124229851845 3.430744318194152 0
4.859135726813757 18.658299135163656 0
16.28318145582014 15.60608301606601 0
9.290053201202157 3.8723268785418075 0
14.39820484545189 10.428299349170887 1
2.279336037548312 9.643342755940257 0
9.986177293841443 8.266029701108673 1
12.23948854311872 6.3469022997657065 1
16.673750145489628 19.72646364696912 0
3.2657767255778625 9.281923278172275 0
2.9238400021067656 7.558861600173399 0
3.2321389784656196 10.801335904460164 0
19.702837674604943 7.531420625802594 0
13.976131258180452 15.30301097938761 0
18.141490689820696 17.009986112434788 0
13.928958933547037 13.217108991399973 1
1.354639972509939 11.273521724018213 0
3.671077731690253 13.557912614666725 0
14.387554515241563 14.909756562331932 0
8.413144948493315 5.391708602641813 1
15.318398624065395 11.499500631387491 1
15.314028682282215 1.6924015387464242 0
17.086399031485136 8.324954316339356 0
16.8225756238549 12.250129608085356 0
14.607271605252983 19.840082954414925 0
9.825166694184034 17.082641168417556 0
13.02318623761392 10.343908331023838 1
2.4414407982753183 9.773020706756988 0
17.327397209331508 12.450536577901811 0
6.751570973597678 0.9154843690540404 0
10.224754557916466 18.46005865543492 0
13.56666237657575 8.918677492113629 1
2.9446415104058854 5.488364589288506 0
9.304205975322944 6.903243671423147 1
10.755494637852001 0.8053658715092338 0
19.65501932700127 10.930320149167867 0
18.791761460961702 17.17617833332147 0
5.357671592578939 10.397171851888114 1
1.9355512913753214 9.65161411088401 0
6.4404714877397495 17.575257046290773 0
14.207524784860821 2.875365070646889 0
16.80551942836908 18.577017394661308 0
2.007607419293904 14.839822750723501 0
9.254052003064874 16.10103434188758 0
17.212232447229848 3.744485772748951 0
17.994706550529877 11.248280549712305 0
14.892808869288295 4.1526509525928335 0
0.5224785618682981 4.498735310868325 0
6.979139795377289 9.748712641026282 1
13.396452441121419 4.961121346629946 0
7.973528325745858 2.0686158702081503 0
9.907778918677206 1.4779348188801955 0
3.744561798868171 4.311057826304361 0
0.2432469554330452 1.8226614393052842 0
11.251681465296633 10.568981650234567 1
6.232885492832006 7.27454378810136 1
12.392016450801108 18.97381974408702 0
14.12205790998132 9.539685849481604 1
9.300245341071243 1.772199807802608 0
9.731349741260766 1.1540815663266968 0
15.121417967236049 5.325492081257252 0
12.179927094447628 9.886857250657386 1
14.205365803446874 10.09966551984087 1
9.976092950759687 8.049746611296463 1
5.783685406331996 12.600534706956857 1
13.189898614187038 9.127302203412988 1
1.2386460682918399 0.1903076747226451 0
0.8668581323867652 3.6028107946656696 0
18.163574009282065 1.7012878276911536 0
14.065353161829394 11.42444322965336 1
12.815470948098579 7.081046782388489 1
12.582420868321872 18.656618560012422 0
7.8090995146049185 4.6211203918078425 1
13.308134923036938 4.143472497380413 0
5.267394192114862 6.654260868535422 1
8.344592242977779 0.4068878059545389 0
8.574658341557376 0.19111412862318433 0
4.727704004524147 1.9414241242011188 0
10.17672751407231 17.015758274436642 0
2.024860281571792 9.636275328409987 0
6.27593429043187 18.622630867661844 0
19.441451243414193 1.8908388180781555 0
8.369543072851807 8.864114391961825 1
16.400387128301844 8.539601293522832 0
3.546835060056437 6.386993432937212 0
8.758231166140087 4.233181837282613 1
1.0984408176218041 19.176109798904495 0
14.065277396574356 14.807286050654564 0
14.934415268091934 8.780093169442253 1
11.83171170878584 3.9449104084960362 0
7.737332409901862 10.440350139861492 1
2.535211119090026 15.152309252550186 0
4.743212123419687 16.35281822806171 0
2.730884959350721 12.228898807894593 0
7.769706426809925 15.883191653053787 0
15.664910568948248 12.306317273464334 0
6.59059271462874 15.8122397563376 0
7.944336677882746 6.992236807843042 1
17.091200252250943 4.629326690195475 0
13.89078692801899 11.1493200306588 1
19.50414763504279 7.180375776950485 0
0.37228709120383563 7.597036780990674 0
11.42658811910637 15.70982691765656 1
19.036251538405196 4.8621803968744315 0
7.693021825411819 17.17349182584327 0
8.779249841727399 6.8385056841308645 1
4.598867725659184 15.74810754816795 0
10.282842954261874 11.088261458089441 1
1.5867843591906183 0.1452387731572835 0
1.351874398415962 15.773505936685705 0
13.310414043732195 1.6745779532959237 0
3.8062694594480284 5.997737297054089 0
17.46518742679255 3.0998918499433237 0
15.382450739705009 3.633667602394617 0
1.331651426209497 16.52563553259275 0
13.63868851855213 1.8311677931831705 0
3.425889996775293 16.389302883950407 0
4.153656361833111 16.324691412950052 0
1.8886829370905267 8.932621104271597 0
8.829648212406871 6.037493822100489 1
0.04857729438679792 19.705889874734456 0
7.515983537873625 12.875545766749848 1
6.58854138465486 10.634662561429309 1
14.084254804585246 18.715158358117026 0
0.5867304185776767 3.671609442271535 0
1.3808442994366654 10.997242531144074 0
19.238492716701806 17.77223835447604 0
12.19137309659546 17.209313751018534 0
4.362401098912539 0.023537441759771127 0
1.646337217599796 6.823401438214818 0
11.82093237315537 3.051436776892913 0
9.915327992029301 14.668120106104855 1
14.57820276070289 3.3213509935932484 0
19.904178031685742 7.16215261773804 0
9.173814289320422 14.010398001547413 1
10.032247853012459 15.087866003501535 1
1.1365807464563615 5.023273327674698 0
19.506094035133906 6.154997227776883 0
14.268911582853276 19.307179402911284 0
4.2570006898912 12.245936946639276 0
19.171777577129323 16.37575577721383 0
2.383232691577457 0.5255079324185274 0
6.942367811347962 17.248031247786354 0
6.437404116579146 14.277856197598354 1
6.71732857881527 16.04455921959264 0
17.576738404877567 9.278064279209692 0
4.577001101073444 19.753719703901382 0
12.324003075338572 4.153651206172748 0
0.46353976868733104 0.05943494045048903 0
5.690942947273179 10.93358656125577 1
3.976974749923934 16.892968730925023 0
19.152826262002577 6.347718038859071 0
0.32574260107805175 12.253005774466859 0
19.650571994677207 9.36248444965566 0
10.17717957106543 16.488485712418893 0
19.406891028670053 13.963963085430496 0
17.51501409187494 1.5345890454940103 0
1.6100618542336176 17.798521642383616 0
2.127030635417928 19.188904041785147 0
5.5041511492076545 5.935552379342825 0
16.20291979992767 0.7710588469644941 0
15.091823527642083 5.6696673437928835 0
3.576862509756502 6.628262388994086 0
13.699791971901243 8.116521954974305 1
3.5205232536148356 4.590618676254223 0
15.154844013715593 5.610903347191574 0
4.359493314882005 18.736041514826265 0
9.620965963131072 19.29255060220187 0
1.0929023833332407 2.3060218644210018 0
19.4995960773821 19.653456484783106 0
14.734934310918044 18.270733866774783 0
17.548303750138576 12.889895578591695 0
10.397690113913306 0.04201388429538211 0
18.18196649791591 11.256945396554425 0
18.06017402485352 5.256007989470637 0
18.013901018719466 19.487792601776075 0
3.6383712520855505 16.143084693387138 0
19.852973891462618 10.702294395816397 0
10.929023725972204 3.9653657440807244 0
15.25452081409438 5.441278989238589 0
1.653370302495225 19.432906638369126 0
19.658949489592562 12.71264145913561 0
14.70798998185558 18.17802730390256 0
2.614120352272804 18.276781167214846 0
9.651190444395494 4.510887158039337 1
10.975146042179196 8.583589269687444 1
4.804927774371597 0.16222025784298655 0
16.58422352481174 12.714514738255449 0
13.663418392185605 11.278760649013684 1
12.674796949963342 11.032780762196047 1
6.703980770003115 10.662473963574667 1
12.948405785034664 4.362016825520884 0
11.47508272541093 1.3641271924421194 0
15.729784037657224 15.168201995014797 0
16.905325040492446 14.055576480104715 0
19.4692199906634 11.489465110489114 0
8.584893946384799 1.1983603474071258 0
19.11594947306067 9.341596324648773 0
15.076122754918766 14.801136160940205 0
14.713527522335763 6.5570683943484 1
1.3631854425824819 18.829575002487562 0
12.688816754646094 9.89275129455309 1
6.0905221649084185 12.61407894115715 1
6.818096769403537 3.3901835222488574 0
9.726825968687693 5.476495894443643 1
2.5702609315586122 5.538904523172126 0
9.108337466036625 4.718849831417408 1
2.741539217613944 2.8988086401165214 0
6.46443102197948 12.952481347636319 1
14.529100619992203 2.0256037028206286 0
6.155686380415391 6.875613373692069 1
2.0829670375448917 9.559939786236216 0
8.049608219935392 15.85853534307499 0
3.601660039043011 4.2625578043118235 0
15.27286750222168 5.791678250208987 0
10.959876946728588 8.680023784523021 1
12.74963838698734 6.426280832066357 1
10.622195519446597 19.26397920244988 0
15.117831483813298 3.1830082407843263 0
3.1405745960604725 14.557998120278015 0
7.295817668715248 18.445043631587442 0
2.2851609297000275 1.63772744003853 0
16.576274961262982 8.575121760953252 0
7.990106182044232 0.19266887641391506 0
17.708761038432915 9.202261526477887 0
4.507536406099759 10.281875214827474 1
7.785899394709572 2.2505870245528836 0
13.839360655836732 6.344719953885285 1
8.966425780345915 18.74216797973029 0
0.3849216093100316 6.023359875174559 0
7.124800601944015 1.3561811339327368 0
2.302153595575851 13.74294956666478 0
4.650886276882966 11.054505620329486 1
11.279474058408779 11.19745281521771 1
17.104529018099505 15.262774355469663 0
13.45148429386439 10.404838616127215 1
11.072744362062254 10.421259017147303 1
15.208981670131106 11.486854971579664 1
13.139713316726906 6.588415342807881 1
7.739754764210742 5.219614431529658 1
19.315316224237776 9.593628685152929 0
9.29233473672536 14.7035866905653 1
2.608116666860929 16.69543390010327 0
6.263746652562232 12.46703677449788 1
13.25825837430152 4.638916005739522 0
11.097042361133669 7.652814853240897 1
8.461488631483077 3.465183536108063 0
3.8206948260345364 19.877841728533983 0
8.491505447175081 9.031714754715113 1
17.3543486765675 8.227070327235404 0
1.4578005342645572 13.858065562273223 0
6.141448665257927 9.619097053329583 1
14.004357980408049 15.308584142650474 0
17.537818134304125 15.8978555658664 0
10.443296369594261 5.64580544227085 1
18.60812884472724 3.4625381871391503 0
6.499351523172661 8.789842077039289 1
12.678343822149019 10.220932020456015 1
14.005444534690852 10.33996136710994 1
3.262103832638188 16.541719705324617 0
11.749694921121465 1.0194476197238589 0
18.287673221616448 3.590451888252295 0
11.477005483172197 7.016896055377064 1
18.3139148784594 0.3769998233603 0
4.84190951656198 11.605961381545974 1
2.400864501659581 17.941478088448306 0
15.035070067660897 3.036021338107051 0
7.290113233761959 17.672890875206384 0
14.695629715656919 4.484904978191635 0
15.256691897308274 9.126078104106973 1
4.657236151994175 18.6998283700616 0
2.4305866439286095 16.121237217229545 0
3.5630572557122075 18.8895281478916 0
8.18692231228984 0.08654440117960904 0
14.433152211837271 5.71559303445661 0
11.089054962845942 9.953517851990556 1
19.9313729354617 15.4170726976268 0
16.744511737325823 5.461229080782961 0
9.742057042269213 17.992005093727876 0
0.22135867282331745 15.382214638430959 0
2.3643055743804497 2.0215928266716587 0
7.437481259055303 1.8613928619654785 0
6.082062094211025 1.4209857681541305 0
6.95508293928119 17.70090760402666 0
5.487192330724902 8.410002752961192 1
5.020362034554269 1.9385840890152428 0
10.74547940050162 12.034887300217633 1
19.579487694566595 10.978105952691786 0
12.559050572892286 15.443358008870632 0
18.32254421139932 9.641322064222111 0
19.286658124715814 16.996077581940273 0
7.728255229156938 12.883055086290247 1
1.4830841867821376 4.0752832617628565 0
10.960413485281382 2.078778131353174 0
10.700674797242105 13.25578400995618 1
5.537765755882715 6.333353480469837 1
14.152758881184525 8.676762491102995 1
10.484158457320529 2.4761343526059876 0
17.9582783447756 7.557834841026658 0
9.512400677002136 6.68358391337637 1
17.280888389433134 17.34143655773335 0
11.517106742347515 19.63799178422689 0
2.3513145938115354 13.687131358506475 0
9.316710785742238 0.659314615119897 0
18.995201429518723 10.4266435252228 0
16.53208798149361 19.152963262196657 0
8.317422639182235 7.986941829017158 1
10.30615385036846 11.297668348393938 1
15.767352620482459 6.331741372239703 0
3.8903360198848302 12.362324438394252 0
17.095742918069256 7.996359224471292 0
14.679381261651256 7.339226274202106 1
19.58083478105834 14.371879822428804 0
12.23822976465802 8.303241811500508 1
0.8467097565944881 4.601436682661461 0
9.84883676264673 5.635197584631555 1
11.91478708130742 13.180112309666141 1
3.648508555582257 7.695587987208432 0
12.553281333244579 9.317151238876495 1
13.010998561575452 17.713688343668572 0
10.304105223281319 18.377714083547406 0
7.067724044097932 12.449913493610259 1
7.711688692277601 15.919487716147017 0
15.116463910365383 6.891700729333589 1
9.88952268290034 5.335770463706108 1
6.171867294938636 8.332205311276217 1
17.330767161196057 9.894311627174321 0
7.364621420617379 1.9872843257273676 0
3.157704920039297 8.407331224320941 0
14.866071732086873 3.0959186448460296 0
12.626822936691827 15.365068990643847 1
6.305375577884462 14.725750158844185 1
16.7505260859824 1.5549081567318224 0
14.578187452938083 4.914960999088187 0
5.674455788486707 1.6754338388449042 0
0.27023576047015885 4.1369055175877705 0
11.563105329978177 17.04387125717064 0
11.78457645219188 14.892734728984516 1
5.9724764269878605 3.1153297762307686 0
1.7685170167661357 11.979035050752513 0
6.765544700471859 0.020222602006383372 0
2.158824835062192 0.07818684961384159 0
12.522946379814908 0.14351717323619173 0
15.395606130918098 5.802947929797457 0
19.373564934309716 17.977850879463354 0
16.589683737254816 9.07856124333182 0
18.280920855569082 15.891693879981245 0
4.336696290548609 13.034735810698258 0
0.416877558625115 8.999901326764665 0
16.180829036487474 5.712457015266428 0
11.392342211829561 10.148026285473772 1
7.587105895553911 5.771672472157208 1
14.085060262151135 2.0027115926660044 0
8.545674056494661 7.316649171561553 1
15.189381096673596 15.170080368083989 0
13.248540945123668 15.285797018144805 0
11.129969686957173 6.947034648431922 1
5.616406198064656 9.52229505377433 1
7.6895186817793615 18.498325997462143 0
1.6939517955013295 4.836738645239298 0
19.758432945484394 1.117527206676534 0
18.259762024030714 8.003482469942876 0
12.168876964382616 11.980461738791629 1
18.39161237206459 12.78038275274447 0
9.185538388988444 5.37477768535558 1
7.309968855145108 0.885053436898533 0
18.457986064499586 15.978801951847874 0
13.56378859982341 14.614281846308426 1
12.349496976098449 3.0958438422756007 0
17.81946175331155 10.257684842371557 0
6.249579351437178 6.267679896963871 1
8.971925819108346 18.800333959264176 0
19.77630957371285 19.177057963192688 0
10.64077492949228 13.032882875665265 1
10.037778070498373 5.44777841631422 1
9.563423048821653 16.562864300513183 0
18.40218503748454 12.255135894213831 0
3.52274421296521 3.771449919516312 0
15.570162464815612 8.966175050568918 1
3.223310386716518 8.812800794735798 0
15.551833256029493 1.3562536176853701 0
2.8969597961999027 0.8441114744598521 0
19.87743199316647 13.999998724120159 0
13.50277325051728 14.15927685250934 1
12.377880386715095 5.409352072102591 1
12.42228012128831 15.907909156171954 0
0.6509362987599521 17.79623671163508 0
10.73643905831477 8.064032186406635 1
1.6387417921328584 13.623648834478683 0
19.991346991482022 1.939771885306154 0
14.43836602928416 13.635552451135677 1
10.426251714819678 2.225926808734986 0
16.637219166082378 12.21514030096998 0
15.275992750711435 1.3204428862521755 0
14.956921549287877 2.9025541665204857 0
4.232967415737048 6.735428939082826 0
8.744335495599225 17.44902008989621 0
15.69094847140912 3.294589092356126 0
15.430091594990017 14.535680938661555 0
15.144971321631678 4.781413299459498 0
0.2574054657259217 7.262996747658188 0
4.565604322888966 11.855411013397276 1
16.70920606082396 5.595987445229422 0
1.2444865095687163 15.303861669089711 0
5.717353871719273 13.923852370319503 1
18.29704439379642 10.616409148737366 0
3.598693762671701 6.26680720386034 0
5.721871092230934 0.4635733384816576 0
18.76655094295015 6.1056394546817465 0
4.387278335519021 8.728835574993443 1
18.95246569499429 12.874040274438984 0
16.14927002401913 19.470948759338103 0
1.2344145788968586 15.869260128967795 0
2.0706803626961667 5.344703991544096 0
10.452829983396835 3.185131081615573 0
10.573990723691102 19.641694780869944 0
14.617743459200787 18.091019368036882 0
15.897230211406836 12.33857173798862 0
12.12901299192534 15.085411561899827 1
2.2233795807585754 3.1897420942281896 0
18.026592820741627 17.49772911828656 0
15.979112430068563 0.2589889033467263 0
8.327497212074196 3.606955102826346 0
16.543129764648654 10.38297587642835 0
15.835996469424474 19.216604767820083 0
7.5950193932437475 3.775939928581351 0
2.3345581508280433 8.22868958232656 0
18.63705689481772 16.257213213403826 0
5.871795785446143 10.52616152966597 1
6.326327224809174 18.84735008070136 0
3.7595279490200317 7.524891349325249 0
0.9247682808145474 8.792873231432225 0
8.12870715317024 2.527036726080625 0
2.5534055681049384 18.01242919260639 0
7.698075420704611 0.41515120223103885 0
6.3272576666305325 16.14547572730895 0
4.2231176163777135 2.415744619440159 0
2.8759193651069137 18.952026315546174 0
14.639185881095953 12.542235660179504 1
9.23621572320452 3.1661730678918443 0
10.444440051072842 2.517105192124065 0
4.294160091702121 5.367458373735841 0
4.437410996657176 15.630730020964421 0
10.814824201073987 3.5514320821837964 0
7.712450215859623 12.280840887603343 1
18.9975733758324 8.129435407051798 0
12.96773111734838 11.525544470438799 1
8.203851908977564 0.9782773249233689 0
14.389013807672548 12.542879847463572 1
14.117672420852314 1.896752146356997 0
6.4655362143711965 13.060833863022312 1
2.3642714237392792 12.840020760178968 0
8.00174588070665 8.117783667379578 1
14.831275012133107 9.177623083896636 1
8.87177538813547 18.507150063354388 0
4.886637289065874 7.699684938930003 1
7.493402836304126 13.700442246973761 1
3.533969725255799 17.91221147394069 0
5.631417023154799 9.886767313315001 1
4.269273678568246 19.596100446175925 0
4.9032411150326 8.544739603606772 1
17.663941154571326 19.291541895752115 0
10.613758037053556 19.805722860229693 0
14.033801889300573 13.547708928589856 1
4.802018630220375 12.144510906501276 1
13.570654987089238 11.504248809083899 1
7.129797909283829 3.424167704064016 0
12.459362796639834 18.893009665160164 0
12.324040052334908 0.47082475954803416 0
18.195854943001684 2.1278856975307026 0
18.191589061574536 19.037991896347137 0
11.816145161635037 11.565559925776359 1
9.078455169451429 7.400384306302524 1
17.82096043306749 16.53757630030944 0
17.870583154350975 10.860545373175771 0
17.962936687147806 16.14164892823081 0
13.216833849791126 18.96435586775765 0
18.164825160559374 5.617895765969916 0
16.599106750729756 18.73385734046952 0
7.587545807871853 14.02013500846352 1
9.846485656094808 11.415879525872075 1
7.063670497442871 2.365874575818807 0
19.02884352037154 18.375113279715876 0
13.320400978984445 13.659566897725457 1
16.560566932771874 4.507851908441629 0
1.9032669401149627 5.653491189104924 0
7.9180094714485305 9.678419426821879 1
8.5508573390406 3.800108764338217 0
4.453325646428688 7.667742036251766 0
19.722484243712316 7.345040243703911 0
19.352954389678473 7.048438130689738 0
16.865547562851397 2.932063777400702 0
1.7373332019535948 13.811376620577606 0
7.928812713597448 3.8093583675030906 0
0.24743152670117174 7.29376614761112 0
17.963726478856607 3.281238487256637 0
11.593551179279185 18.996581454991933 0
0.521865168596809 0.6099176540635609 0
19.925640721164836 4.797110013091865 0
10.990422607281003 0.5746153395443687 0
13.571846004777214 17.186058595130742 0
9.493852084029417 3.7587710035222943 0
8.043794958325671 16.331389091317696 0
19.936019332499903 4.311824637373047 0
0.25015980011909633 19.22430606433051 0
14.949440398302125 14.156067424081852 0
7.121107633121158 10.151972135032352 1
16.81854517671451 6.0668294916842065 0
2.7054426472930904 2.6625335451796395 0
4.420779805071657 17.081026418287784 0
2.7816151617756724 0.9965263637647848 0
3.197756703881365 5.642097885415542 0
9.026883427720865 9.143295756330307 1
16.094324961506953 7.126918489528116 0
11.286128710240382 1.6532650394136095 0
11.024531635741297 3.359744392785007 0
14.105090238027351 8.792326769789561 1
0.40189081630755075 9.832060081130816 0
15.818044000830142 19.204865853423954 0
17.547825301596994 13.928352865713931 0
1.7494815496941007 4.936003519662114 0
15.576476645947501 19.30278186378315 0
11.362997722726627 14.326028028015882 1
17.545566131237702 3.6401059685340176 0
10.580818984110728 12.867433491849603 1
7.643933007601369 5.455360670499894 1
16.443598874540367 8.74309740726044 0
18.95028911401079 19.629623680004563 0
9.50215697050476 4.864353004915345 1
0.5870968519984032 7.391819249138651 0
6.426113738707786 3.292513326753592 0
14.480354792862073 6.646449695486531 1
12.756909964680398 12.881672011811194 1
2.3012119941087827 16.529696940849966 0
12.577880104800874 14.480512809675819 1
4.601795940112408 2.3757987946051196 0
0.7885639117476573 10.715728391767687 0
18.300348899891766 12.209720507856733 0
14.973867704348319 19.015439133089963 0
1.6686224753714796 14.626018448832125 0
3.1390412316319227 7.6530715791975945 0
19.189291461962775 2.8606719104100775 0
16.850996668361677 10.26254526981469 0
8.153838744375808 13.10860230697519 1
4.22732743638181 19.95820771987914 0
19.163857869083724 17.849366456928536 0
15.280357805943439 2.7615661229547173 0
15.943929764957547 16.811440221424803 0
5.390251412657445 17.070428190100653 0
10.61041738546233 19.660684178581246 0
11.629619213275646 18.852773733179323 0
7.536281852843427 12.185255689188132 1
5.371034162647037 5.200111066599464 0
10.109605149072323 16.836888523457684 0
16.075611278929482 4.923255157782423 0
9.70030482733021 2.913253971274934 0
9.866822486007166 5.183260628995483 1
4.913218882162555 17.153906533608684 0
13.294738623183948 8.114225164438981 1
8.189311744224607 13.096882574363546 1
17.56832331393218 0.42665353635778613 0
16.416752423963615 9.262750738074494 0
8.729406454102381 10.169440500948735 1
13.51002374387408 5.8659270126820395 1
9.559952850614398 9.10837155828569 1
14.889411696013168 9.478716086764214 1
11.36258870244584 15.555035730555604 1
12.453278191305442 8.87902853332417 1
4.659369729497089 8.080813871585162 1
14.312729063827536 13.407426055085015 1
11.439395670044153 13.497367576200645 1
14.731565698864602 7.485404126587811 1
14.457902782003416 10.860758928478976 1
15.449516107992087 9.926364699342596 1
12.634072634714679 12.678402618072749 1
9.091885170870231 6.163157841096137 1
7.297185919031966 7.133108052095065 1
9.143194846985615 12.191190106455503 1
13.744304988426324 7.305561665839882 1
12.135389477792538 4.4614277078861 1
7.6176959475696115 14.317686589498017 1
15.029757971924521 11.216538608325422 1
8.59668879089151 13.486812660957296 1
9.359414171114004 11.395259856427025 1
13.578602650179548 12.008225231179907 1
13.808200729343747 9.793784160608636 1
12.027672235073467 9.606362536617299 1
11.104250020278046 7.501695718045706 1
8.024760468065669 10.907185133621955 1
11.471703966911065 4.243250632268989 1
7.252321256609175 5.524780598396566 1
4.667640951994656 9.077040830724235 1
13.93753159773368 8.624381324271207 1
7.800875983187767 5.206267600617867 1
12.407147486187913 6.676280592639401 1
4.632522699118713 12.443861376465211 1
5.498948932070449 12.451318577425647 1
15.03890318205639 7.198458197725133 1
9.386837137083772 14.864034390504749 1
11.536191645417272 15.254100088299188 1
12.355883823390467 6.862046082757289 1
9.805753925893779 6.21645720943323 1
10.605916967859844 8.52674958186444 1
13.81075028588401 10.26744430484716 1
14.08203058765826 12.068349660947186 1
9.039771539751001 9.404386526876976 1
9.045810652499192 9.829981533853688 1
8.721560191949152 12.52958348009469 1
9.916669258865355 6.747784448820823 1
12.6635672045719 12.440566922225155 1
15.557625702087146 8.949280112562526 1
15.493504380620768 10.864572414195626 1
7.456757672423304 7.027916901333873 1
12.866541218594676 15.017577015692076 1
11.976358901165616 12.649560250664253 1
15.021263432194035 9.59614378398796 1
8.948600453573656 12.186634238739371 1
9.829090009711173 15.356407425399887 1
9.897237801825035 7.508511036395955 1
9.699205883046167 4.787241572274299 1
12.339203430838614 9.638234053289093 1
8.555545596022853 12.02029734446559 1
6.944416678668488 10.776270532248846 1
10.487260499396031 8.281310747897887 1
13.699846428919187 7.652538533843725 1
10.89281953861291 5.161020512778711 1
9.271017321273458 12.9864737657139 1
7.248685273355687 9.651468077577663 1
12.296380411106696 6.580001225935128 1
9.051363680821376 4.7935673946717205 1
9.066731278326522 6.778389184109146 1
9.100353464382547 14.040817939153378 1
14.473202957392736 9.700113149478662 1
6.741238316864056 14.945671556206934 1
11.836476223047042 5.934446310952721 1
12.65300828912447 14.445498383535424 1
15.94537170029438 10.009097691449204 1
7.602844343564312 7.186168288149297 1
9.042520464962926 9.591482393794536 1
12.63487292653307 5.116736856736068 1
11.136521689115007 12.072362778353083 1
15.026041250661846 10.548458155701345 1
8.055186203473516 10.446096647201053 1
6.393584198045737 10.339175640228575 1
7.780930782000029 8.166208837281022 1
9.846351100388755 13.379923118257985 1
7.989030754108009 10.278632037720325 1
10.518821052886036 9.959898675945686 1
9.76841991485706 10.553458280023873 1
6.642235316799123 10.311943273930213 1
11.228379555501906 12.718260495777251 1
8.915933111631443 5.682889017850035 1
5.75812169213239 14.028313318801178 1
6.490071400279365 8.33623021893838 1
10.948158163002928 8.562510960945042 1
10.258800063181601 11.316015419631745 1
6.418812799167284 8.252029403635166 1
10.686479995766284 10.541891898037854 1
12.254269501802861 7.853087773106169 1
10.211048238687958 8.810837912424116 1
11.529472325013684 13.787592669910948 1
11.583316516598387 8.526818945982635 1
15.052653279761046 9.422428745911962 1
13.330844155125046 7.051798702877918 1
8.82299913135942 15.233835577029506 1
12.041426384209721 4.948739667839456 1
14.32604786896174 13.526337855473523 1
9.333880155846181 15.707383713290163 1
7.926745636757557 13.007635662686116 1
5.0155170726234655 10.482537049764689 1
11.5109080564923 5.208907408236878 1
4.997795429531989 11.24547028791768 1
7.663128677787759 12.101668249230073 1
8.018220781789122 5.14809208623703 1
14.841317531964446 13.460866151185215 1
4.875325960679852 11.664691344482982 1
12.68941588389114 5.83256489651792 1
12.122098836139987 12.883550085753548 1
9.1938690168603 13.713903037960705 1
11.663506581569163 13.58105270002265 1
7.37304480152599 14.438521259086842 1
11.587555911909229 9.739950481828437 1
10.756327107850993 5.594913033216962 1
12.584180176152122 12.10266374773022 1
13.249883882114661 5.8139459735925225 1
11.66515249358915 9.277389205064674 1
10.471091369851479 14.159756893949499 1
8.555113920308056 14.30947065741262 1
8.733208180882263 5.00129969297676 1
5.155295122206556 10.80984346263981 1
14.85313787564727 11.84797570756549 1
7.243237326940637 7.836288752964002 1
9.882935041819925 6.882537145511247 1
12.207296277998607 8.862715000218435 1
13.334684307400888 7.912851720004412 1
9.615157347223429 14.929628646105675 1
11.773297622744307 10.03888381099893 1
13.715757885040254 11.796935305300234 1
5.8675436451363066 8.48899949312936 1
13.903076266190993 14.070239427675704 1
9.097446746319111 4.537046169832819 1
7.811408275440153 11.449153608166258 1
14.76801103956327 10.72634535092486 1
5.620933306805044 5.958144197791717 1
6.494683445287914 11.218554134756031 1
7.991436660820554 10.643387598359888 1
14.894646212555745 13.443870954209853 1
7.413092284585831 5.5295055925759184 1
7.686553537378115 6.028021351433623 1
5.129018422939873 12.258133658469275 1
10.274852757353708 7.1605588069709984 1
7.126441186831132 5.691299220224549 1
10.637643738935832 12.618941656634071 1
10.48577354265003 8.489763922843089 1
5.453503641520476 9.445736472141862 1
11.626026978376206 6.653115720636769 1
4.636187945739973 11.741971642005389 1
9.335595936593702 12.598416462329908 1
14.080948148984165 7.440859084739948 1
12.607395393695572 13.28563978187403 1
6.144429093773467 10.848492315399124 1
5.843974506066864 11.579058292466451 1
9.834922220532501 15.988827648393729 1
12.02858710088332 13.467701017028283 1
7.191654914241172 5.531545374387347 1
11.778109284371194 8.101006605600729 1
10.57884070800709 7.526748364146981 1
13.382572269191373 14.301731858952584 1
14.724543224399982 8.796140742079695 1
8.742156399349481 6.696113438378273 1
4.982455205152368 11.007395548878078 1
8.442057388741697 13.071951648617677 1
10.449870304962989 4.7520907133992445 1
9.058882639289775 5.588044607767695 1
11.155361849635508 5.624522301914984 1
9.739290853115936 15.944734137175796 1
14.582179188282314 13.195252535150724 1
7.871427383719225 6.885279682346277 1
5.880194875075098 9.755033304222511 1
12.549347711163989 12.701696589113766 1
9.936026067672902 14.2462228739297 1
5.9164059289202005 11.517263412232097 1
12.956334755943375 14.748671074216402 1
14.358490888968891 8.713482264925803 1
7.480008327008316 10.603860654363244 1
10.877096856524545 10.163152483042337 1
8.537734470974437 12.522266327165232 1
9.047523414735236 4.562400295044025 1
6.33039761025239 7.306080359398049 1
12.56440486897208 4.986716627475238 1
7.513153659254206 11.751909629283162 1
4.700974150636441 7.727269398825474 1
12.979977097460731 11.602505317648294 1
10.5811243568432 5.38065598455681 1
7.852530576181859 13.10598991184489 1
8.112995343414202 7.457724889397632 1
13.341740324743894 13.478427467744902 1
7.7125513805752455 6.809101478047661 1
5.545936195742069 6.6202970562507595 1
14.00041096489129 6.061673032427606 1
11.829930410301285 6.939791002816826 1
5.844253330680447 12.331227508055132 1
12.833943345267949 8.077036704907394 1
12.250078912660909 8.516100273763216 1
8.782928221684141 12.172718939095006 1
13.087459999300329 10.813076273092545 1
6.8668927874360275 14.908530962237755 1
10.740628654083311 14.170451338372303 1
8.463999536924025 10.141778489837527 1
12.259243173528102 13.097156515116783 1
13.130534172632117 15.102264447747352 1
11.112558830320165 12.23119021653522 1
9.88105476309762 6.019842289106818 1
6.12795432046334 13.064569749360452 1
5.201198327792779 9.379524009266307 1
13.882018199737164 9.321275327840791 1
12.97973985003515 9.402044837622892 1
9.674771984813209 11.917262760479641 1
8.730164009826469 14.24047181667052 1
6.961658362279706 12.245479728774386 1
9.966796067349417 11.656536129621491 1
10.07099460124942 8.552414582281882 1
9.64557979047697 6.685916701611562 1
11.85629553538607 6.0535371969546965 1
9.213080539595087 7.873976822250932 1
8.729988766301567 7.851189696586564 1
13.658446049937151 9.51008176894562 1
10.410080601550488 11.070879839284103 1
14.735957729257272 10.631861185511626 1
12.774750619078324 6.641095747259138 1
5.816169805507274 5.976805676261396 1
14.317783080130944 10.749205678765312 1
10.968524383785645 15.545560374786556 1
13.259612056239714 14.439443283957306 1
9.842593366965382 13.93345902777818 1
7.658099898435278 9.910185181432693 1
4.414666549676252 8.413289855616135 1
11.312253839669502 15.735831896317602 1
10.47698616878261 11.916481351497335 1
10.317748335651817 12.639895829442903 1
6.803211857594576 11.537385877898947 1
7.544984812458599 8.633617637271435 1
15.093613908822505 11.245574671340284 1
8.197890671759684 12.346924190660149 1
11.590083412964995 15.154581161159532 1
13.324407709144818 6.0094290080370865 1
9.58416572144558 14.920948042537256 1
12.444674249322212 9.914545622917792 1
13.034643014874746 9.535589800762656 1
11.274543802581645 10.711500954747631 1
15.258725575232276 10.62291907304762 1
6.92428083725499 10.071509196955743 1
14.284739930440828 7.248995063422075 1
8.198436795219612 11.639303045345812 1
8.656158810981436 5.334776557211562 1
6.690222625214246 8.598168004891182 1
6.495902698139786 7.180615620091533 1
6.302345106000815 7.074537436056023 1
10.70549950822249 8.614133221554232 1
10.774794463541449 5.7004665521638165 1
10.406076083356261 7.289073304436302 1
13.196937328224884 14.024390097777825 1
10.146914464564482 11.357891811956044 1
11.264973942649593 13.215100264373415 1
14.542577671266306 11.900835103457792 1
11.271685343267329 7.348342383797542 1
5.046865397819486 11.78590354672325 1
15.752427723751737 11.224498736487652 1
13.541749864881945 10.695137896277336 1
14.51445290746844 11.215571784984519 1
12.24285440201041 8.593013640906195 1
12.419810643311413 12.049325694965686 1
6.819975126728188 11.417506973790177 1
4.9288491400046315 13.19766607400933 1
13.972639910442442 7.722378161131553 1
12.553961141359045 11.157275451909774 1
5.320864029937653 10.350919557079708 1
4.197711628665095 8.534934675284111 1
5.192038183607181 6.4808362307369745 1
5.698345732909815 10.927931186664544 1
6.5795544600878 11.599678079435737 1
8.361714653587187 9.720862641831523 1
6.947942687625108 14.953265606772595 1
15.221703189968188 8.4933158860131 1
5.733811867210172 9.629719157871236 1
6.905324978047123 10.132132747321714 1
11.092052300782285 12.847261970619865 1
12.436374904463081 9.898528821006412 1
15.415429002834335 9.661635056359916 1
12.94067197733961 10.093374771078565 1
9.051141891889456 12.16385810823846 1
13.969729313128937 8.3996220704353 1
15.562607502470236 8.263695869765225 1
13.829096714913154 7.3375701788479875 1
6.5492484729303735 8.160049859813718 1
9.479060129906626 15.042522475730078 1
13.90216731580596 9.435050831909894 1
8.171257209773957 9.204049803750934 1
7.625342984978687 11.237063439973532 1
5.583656886380188 7.112878407717728 1
6.916602583914379 7.642761676405101 1
13.322745711988905 8.291919176967273 1
11.570497048133362 13.8813959199782 1
6.126489840641087 5.849355247210255 1
10.480862869109881 10.499138515680775 1
13.344502403844352 13.344367852352013 1
11.04631173675044 8.266411450412912 1
13.728338629804846 7.346822866520122 1
13.351259835079306 11.313953126002962 1
6.076159671280445 14.209199790112809 1
10.479697983841822 14.211713471073912 1
8.551079881903195 10.346849384715595 1
