826.9099633179619
814.746069762966
814.6471982737067
814.5710156114144
814.5080614738446
814.4536847127556
814.4051949163672
814.360841590605
814.3193688664484
814.2797889340504
814.2412476963855
814.20292844046
814.1639636300952
814.1233297818876
814.0796910363126
814.0311245514864
813.9745678194004
813.9045324820215
813.8094671246605
813.6575434130622
813.2681656730105
795.1080039046324
771.4295926567698
763.2763638952069
759.133001589957
756.677945511303
755.1112012297792
754.0420836956562
753.2641783985669
752.6690462483083
752.1965437911483
751.8106532652926
751.4883440632923
751.2140542249114
750.9766990363644
750.7679840586972
750.5815565743795
750.4126639172352
750.257972730681
750.1153126254126
749.983316640446
749.8610693928996
749.747860344467
749.643059078272
749.5460790475532
749.4563791946653
749.3734603546533
749.2968458211473
749.2260608848355
749.1606245884375
749.1000543829348
749.0438776329505
748.9916441373891
748.9429362939258
748.8973755972405
748.8546254307448
748.814390795801
748.7764158762309
748.7404802943117
748.7063947383488
748.6739964589261
748.643144991212
748.6137183554637
748.5856098938119
748.5587258077894
748.5329833736197
748.5083097412058
748.4846411747981
748.4619225679324
748.4401070569102
748.4191555609272
748.3990360910053
748.379722697164
748.3611939690454
748.3434310749699
748.326415417184
748.3101260881622
748.2945374136561
748.2796169347547
748.2653241834258
748.2516105244376
748.2384201724774
748.2256922778962
748.2133637614783
748.2013724310966
748.1896598759068
748.1781737168184
748.1668689639263
748.1557084349245
748.1446623642117
748.1337074408543
748.1228255449117
748.1120024210501
748.1012264623798
748.0904877034691
748.0797770576766
748.0690857892263
748.0584051853807
748.047726384578
748.0370403172776
748.0263377225406
748.0156092114282
748.004845356194
747.9940367906522
747.983174312271
747.9722489797877
747.9612522028357
747.950175821434
747.9390121744036
747.9277541564262
747.9163952639864
747.9049296308018
747.8933520537273
747.8816580102155
747.8698436685703
747.8579058923794
747.8458422403967
747.8336509630781
747.821330997032
747.8088819583955
747.7963041361836
747.7835984866982
747.7707666301214
747.7578108507665
747.7447341027391
747.7315400233317
747.7182329570988
747.7048179941308
747.6913010267067
747.6776888288939
747.6639891635233
747.6502109204482
747.6363642882801
747.6224609590778
747.6085143613443
747.5945399110444
747.580555263475
747.5665805410692
747.5526385043377
747.5387546266851
747.524957029864
747.5112762375559
747.4977447112384
747.4843961462772
747.4712645270927
747.4583829667378
747.4457823857359
747.4334901125881
747.4215285095769
747.4099137366563
747.3986547602377
747.3877526916164
747.3772005038447
747.3669831320515
747.357077918019
747.3474553233748
747.3380798128287
747.3289108023248
747.3199035751259
747.311010088078
747.302179614759
747.2933591978092
747.2844939062524
747.2755269148661
747.2663994430955
747.2570506131117
747.2474173126269
747.2374341785029
747.2270338493026
747.2161476607055
747.2047069642974
747.192645219953
747.1799009283967
747.1664213251614
747.1521665615022
747.1371138883542
747.1212611978239
747.1046292316328
747.0872618868086
747.0692243369937
747.0505990836017
747.0314804495715
747.0119683154742
746.9921619953728
746.9721550434657
746.9520315212321
746.9318639265721
746.9117126812946
746.8916268564967
746.8716457120527
746.8518006274585
746.8321170744119
746.8126163892168
746.7933172125832
746.7742365548478
746.7553905069703
746.7367946525214
746.7184642485172
746.7004142413767
746.6826591752794
746.6652130388951
746.648089086165
746.6312996584087
746.6148560286489
746.5987682837206
746.5830452547875
746.5676945016914
746.5527223508942
746.5381339812827
746.523933547214
746.5101243246863
746.496708864986
746.483689140569
746.4710666705125
746.4588426165196
746.4470178449616
746.435592954917
746.4245682758818
746.4139438415855
746.4037193478737
746.3938941030199
746.3844669782412
746.3754363650165
746.3668001442952
746.3585556710157
746.3506997759749
746.3432287858069
746.3361385610203
746.3294245512878
746.3230818667791
746.317105363735
746.3114897417801
746.30622964935
746.3013197918566
746.2967550346284
746.2925304895361
746.2886415699094
746.2850839941506
746.2818537139697
746.2789467400859
746.2763588374748
746.2740850654526
746.2721191470098
746.2704526680881
746.2690741317518
746.2679679233097
746.2671132772979
746.2664833697081
746.2660446809449
746.265756777944
746.2655726407737
746.2654396080318
746.2653009413617
746.2650979243228
746.2647723313008
746.2642690439956
746.2635385681413
746.2625392143798
746.2612387505508
746.259615397134
746.2576581115754
746.2553661795815
746.2527481946687
746.2498205565042
746.2466056512495
746.2431298916423
746.2394217902638
746.2355102172344
746.2314229565602
746.2271856291298
746.2228210021646
746.2183486620376
746.2137849953463
746.2091434045327
746.2044346793359
746.1996674507768
746.1948486669353
746.189984045409
746.1850784730833
746.1801363374434
746.175161784529
746.1701589060383
746.1651318629285
746.1600849551714
746.1550226482325
746.1499495664347
746.1448704625166
746.1397901713538
746.1347135545594
746.1296454412442
746.1245905691106
746.1195535289396
746.1145387146005
746.1095502800528
746.1045921040665
746.0996677630147
746.0947805116439
746.0899332714633
746.0851286262638
746.0803688239789
746.0756557842427
746.0709911107688
746.0663761078184
746.0618117999181
746.0572989541787
746.0528381044555
746.0484295768001
746.0440735155946
746.0397699098795
746.0355186194635
746.0313194003942
746.0271719294627
746.0230758275021
746.0190306811882
746.0150360632045
746.011091550548
746.0071967409389
746.0033512671966
745.9995548095608
745.9958071059258
745.9921079600169
745.9884572475394
745.984854920375
745.9813010089131
745.9777956226427
745.9743389491307
745.9709312515562
745.9675728649278
745.9642641912302
745.9610056936081
745.9577978898453
745.9546413452526
745.9515366652222
745.9484844875636
745.9454854748187
745.9425403066697
745.939649672602
745.9368142649046
745.9340347720947
745.9313118728826
745.9286462305947
745.92603848824
745.9234892640497
745.920999147599
745.9185686963845
745.9161984328446
745.9138888417232
745.9116403677403
745.9094534134509
745.9073283372405
745.9052654513482
745.9032650198864
745.9013272567475
745.8994523234107
745.8976403265591
745.8958913155235
745.894205279567
745.8925821450034
745.8910217722589
745.8895239528647
745.8880884065583
745.8867147785322
745.8854026370217
745.8841514713058
745.8829606903777
745.8818296223251
745.8807575146915
745.879743535938
745.8787867781667
745.877886261248
745.8770409384689
745.8762497037742
745.8755114006503
745.8748248326114
745.8741887751911
745.8736019892897
745.8730632355193
745.8725712892615
745.8721249557461
745.8717230846166
745.8713645830433
745.8710484263519
745.8707736650797
745.8705394269977
745.870344912694
745.870189383177
745.8700721378864
745.8699924817471
745.869949680036
745.8699429003892
745.8699711419557
745.8700331526734
745.8701273369842
745.8702516579931
745.8704035398945
745.8705797788724
745.8707764727627
745.8709889821472
745.8712119372606
745.8714393062962
745.8716645406436
745.8718808112548
745.8720813469702
745.8722598804594
745.8724111999702
745.8725317957745
745.8726205791606
745.8726796394088
745.8727149913228
745.8727372524329
745.8727621764868
745.872810958505
745.8729102182394
745.8730915651099
745.8733906512721
745.8738456341065
745.8744949991434
745.8753747443891
745.8765150006766
745.8779362617455
745.8796455182721
745.8816327192121
745.8838680972443
745.8863009557504
745.8888604767756
745.8914589315896
745.8939973389475
745.8963731496882
745.8984890280494
745.9002613909079
745.9016272080967
745.9025477620218
745.9030086082047
745.9030157418576
745.9025887513657
745.9017523215666
745.9005277169973
745.8989258208727
745.8969430148543
745.8945607693009
745.8917493501768
745.8884755407287
745.884713659504
745.8804583558308
745.8757367024888
745.8706162415507
745.8652054388272
745.8596441698571
745.8540847326531
745.8486677910745
745.843500781636
745.8386465627924
745.8341265894223
745.8299370196302
745.8260709033007
745.8225376916376
745.819373444623
745.8166397046537
745.8144134620675
745.8127730480726
745.811784749918
745.8114932802622
745.8119171683433
745.8130485666956
745.8148561934311
745.8172900243408
745.8202866111635
745.8237742695958
745.8276777028651
745.831921853877
745.8364349196196
745.8411505422931
745.8460092390965
745.8509591623333
745.8559563011144
745.8609642467852
745.8659536461753
745.8709014599991
745.8757901293817
745.8806067344378
745.8853422075665
745.8899906433754
745.8945487285908
745.899015299834
745.9033910250213
745.9076781947804
745.9118806035494
745.9160034953263
745.9200535463484
745.9240388560802
745.9279689195495
745.9318545576577
745.935707788415
745.9395416300684
745.943369836581
745.9472065751654
745.9510660640187
745.9549621940818
745.9589081614545
745.9629161360433
745.9669969881363
745.9711600879438
745.9754131855518
745.979762370924
745.9842121068161
745.9887653224814
745.9934235530067
745.9981871082795
746.0030552562538
746.0080264073549
746.0130982895738
746.0182681068778
746.023532676511
746.0288885432395
746.0343320707265
746.0398595115406
746.045467058309
746.051150878894
746.0569071386225
746.0627320123511
746.068621688844
746.074572369502
746.0805802629959
746.0866415769905
746.0927525076881
746.0989092276526
746.1051078720907
746.1113445236605
746.1176151956253
746.1239158133176
746.1302421936365
746.1365900225612
746.1429548305512
746.1493319658915
746.1557165660946
746.1621035276162
746.1684874742785
746.1748627248734
746.1812232606064
746.1875626931853
746.1938742344631
746.200150668698
746.2063843286769
746.2125670769593
746.2186902937599
746.2247448729688
746.2307212278519
746.236609308105
746.2423986297209
746.2480783191461
746.2536371729025
746.2590637335891
746.2643463828141
746.269473451048
746.274433343819
746.2792146830944
746.2838064618334
746.2881982091403
746.2923801626348
746.2963434440555
746.3000802336923
746.3035839387579
746.306849350752
746.3098727869618
746.3126522114596
746.3151873315636
746.3174796664526
746.3195325854828
746.3213513147901
746.322942911858
746.324316208683
746.3254817252456
746.3264515557319
746.3272392307459
746.3278595591656
746.3283284535879
746.3286627435266
746.3288799803569
746.3289982378594
746.3290359119994
746.3290115230648
746.328943522964
746.3288501100056
746.3287490529004
746.3286575252764
746.3285919513831
746.3285678630157
746.3285997670068
746.3287010218653
746.3288837211852
746.3291585804483
746.3295348224808
746.3300200553151
746.3306201341314
746.331338996302
746.3321784550313
746.333137931991
746.334214102285
746.3354004143296
746.3366864310595
746.3380569127355
746.3394905183198
746.3409579256191
746.3424190258019
746.343818554604
746.3450788765529
746.3460870886472
746.3466695445559
746.3465352246031
746.3451326672193
746.3412399020317
746.3316649444275
746.3072083860505
746.2469391126461
746.1560413905927
746.0103838302782
746.0393513331582
746.06652358364
746.0807558033837
746.0907863388707
746.0607445970182
745.9909862602632
745.93634083298
745.8978914574283
745.8731376121273
745.8526908240813
745.834485614358
745.8177178715613
745.8019372232777
745.7867886831622
745.7719642018255
745.7572592283544
745.742667631773
745.7284371302349
745.7150209403125
745.7029215271696
745.6924851606344
745.6837260928115
745.676255719647
745.6693759552704
745.6623248779266
745.6545618030495
745.645937561903
745.6366707757375
745.6272010962211
745.6180335855673
745.6096153084331
745.6022545254216
745.5960977870794
745.591157824796
745.5873624087052
745.5845983699148
745.5827410335492
745.5816702077681
745.5812771755459
745.5814666276573
745.5821561049661
745.5832743973273
745.5847596441042
745.5865574924313
745.5886194703274
745.5909016366556
745.5933635282662
745.5959674077241
745.598677807593
745.6014613599743
745.6042868885518
745.6071257230104
745.6099521733083
745.6127440780416
745.6154833229166
745.6181562193904
745.6207536458023
745.6232708856427
745.6257071465762
745.6280647996963
745.6303484281094
745.6325638047912
745.634716924392
745.63681319277
745.6388568392422
745.640850572161
745.6427954595979
745.6446909915275
745.6465352697898
745.6483252748734
745.6500571689879
745.6517266077277
745.6533290437483
745.6548600132809
745.6563153996349
745.6576916683736
745.6589860679342
745.6601967888611
745.6613230753591
745.6623652849632
745.6633248953758
745.6642044611843
745.6650075266749
745.6657385033523
745.6664025221656
745.6670052705456
745.6675528236423
745.6680514778376
745.6685075931221
745.6689274493506
745.6693171201487
745.6696823668068
745.6700285536691
745.6703605853411
745.6706828652067
745.6709992739753
745.6713131662248
745.6716273823212
745.6719442728207
745.6722657322424
745.6725932391904
745.6729279000265
745.673270493715
745.6736215159222
745.6739812209398
745.6743496605415
745.6747267192009
745.6751121456065
745.6755055804715
745.6759065809259
745.6763146418436
745.6767292144259
745.6771497224026
745.6775755761598
745.678006185008
745.6784409678231
745.6788793621822
745.6793208320862
745.6797648744039
745.6802110240368
745.6806588579088
745.6811079978414
745.6815581123465
745.6820089174553
745.6824601766434
745.6829116999625
745.6833633424404
745.683815001918
745.684266616378
745.6847181608921
745.6851696442923
745.6856211056478
745.6860726106567
745.6865242480263
745.6869761258946
745.6874283683802
745.6878811123014
745.6883345040926
745.6887886969499
745.6892438482543
745.6897001172366
745.6901576629355
745.6906166424076
745.6910772092288
745.6915395122141
745.692003694408
745.6924698922827
745.6929382351444
745.6934088447213
745.6938818349173
745.6943573117175
745.6948353732103
745.6953161097174
745.6957996040302
745.6962859316891
745.6967751613445
745.6972673551575
745.6977625692266
745.6982608540402
745.6987622549345
745.6992668125727
745.6997745633994
745.7002855400888
745.7007997719934
745.7013172855592
745.7018381047286
745.7023622513115
745.7028897453476
745.7034206054074
745.7039548489277
745.7044924924465
745.7050335518686
745.7055780426805
745.7061259801449
745.70667737947
745.7072322559609
745.7077906251437
745.7083525028647
745.7089179053843
745.7094868494474
745.7100593523309
745.710635431882
745.7112151065397
745.7117983953614
745.7123853180076
745.7129758947369
745.7135701463924
745.7141680943728
745.7147697606015
745.7153751674914
745.7159843378917
745.7165972950588
745.7172140625853
745.7178346643612
745.7184591245183
745.7190874673574
745.7197197173084
745.7203558988635
745.7209960365205
745.7216401547169
745.7222882777793
745.7229404298566
745.7235966348738
745.7242569164639
745.724921297924
745.7255898021522
745.7262624516036
745.7269392682304
745.7276202734398
745.7283054880508
745.728994932239
745.729688625501
745.7303865866135
745.7310888335834
745.7317953836272
745.7325062531214
745.7332214575756
745.7339410115997
745.7346649288704
745.735393222116
745.7361259030675
745.7368629824565
745.7376044699772
745.7383503742768
745.7391007029254
745.7398554624073
745.7406146580976
745.7413782942479
745.7421463739815
745.7429188992727
745.7436958709322
745.7444772886167
745.7452631507991
745.7460534547737
745.7468481966503
745.7476473713431
745.7484509725742
745.7492589928755
745.750071423572
745.7508882547972
745.7517094754862
745.7525350733835
745.7533650350377
745.7541993458104
745.7550379898854
745.7558809502636
745.7567282087824
745.7575797461121
745.7584355417678
745.7592955741205
745.7601598204067
745.7610282567365
745.7619008581104
745.7627775984193
745.7636584504766
745.7645433860089
745.7654323756962
745.766325389161
745.7672223950075
745.768123360819
745.769028253183
745.7699370377212
745.7708496790842
745.7717661409871
745.7726863862283
745.7736103767049
745.7745380734357
745.7754694365904
745.7764044254957
745.7773429986771
745.7782851138738
745.7792307280592
745.780179797473
745.7811322776516
745.7820881234338
745.7830472890134
745.7840097279469
745.7849753931914
745.785944237131
745.7869162116106
745.7878912679473
745.7888693569917
745.7898504291177
745.7908344342995
745.7918213221004
745.7928110417338
745.7938035420786
745.7947987717217
745.7957966789877
745.7967972119588
745.7978003185351
745.798805946447
745.7998140432891
745.8008245565657
745.8018374337141
745.8028526221473
745.8038700692775
745.8048897225607
745.805911529515
745.8069354377853
745.8079613951345
745.808989349514
745.8100192490723
745.8110510422075
745.8120846775843
745.8131201041725
745.8141572712827
745.8151961285903
745.8162366261752
745.8172787145455
745.8183223446723
745.81936746802
745.8204140365651
745.8214620028391
745.8225113199508
745.8235619416032
745.8246138221383
745.825666916546
745.8267211804985
745.8277765703716
745.8288330432601
745.8298905570169
745.8309490702546
745.8320085423787
745.8330689335952
745.8341302049428
745.8351923182988
745.8362552364019
745.8373189228558
745.8383833421552
745.8394484596921
745.8405142417703
745.8415806556093
745.8426476693608
745.8437152521113
745.8447833738959
745.8458520056939
745.8469211194381
745.8479906880254
745.8490606853012
745.8501310860834
745.8512018661385
745.8522730021998
745.8533444719534
745.8544162540402
745.855488328051
745.856560674517
745.8576332749078
745.8587061116174
745.85977916797
745.8608524281924
745.86192587741
745.8629995016425
745.8640732877794
745.8651472235792
745.8662212976462
745.867295499419
745.8683698191506
745.8694442478976
745.8705187775084
745.8715934005832
745.8726681104785
745.8737429012813
745.8748177677808
745.8758927054596
745.8769677104646
745.878042779589
745.8791179102556
745.8801931004796
745.881268348865
745.8823436545684
745.8834190172785
745.8844944371923
745.885569915002
745.8866454518503
745.8877210493251
745.8887967094242
745.8898724345339
745.8909482274106
745.8920240911459
745.8931000291456
745.8941760451091
745.8952521430064
745.8963283270406
