1180.6926367739977
751.9886357005595
676.269159198839
657.4838349139923
649.4482633714497
643.5874582494647
639.7944303687012
637.237451602395
636.3045406767912
634.7215600516912
632.7634602378946
631.2845829990376
628.9899411779227
628.4400131262995
628.028551807995
627.5841835420116
627.3494955437204
627.3162935687471
627.0931185581214
627.342646003071
626.8926927105476
625.9666416881468
624.8550797595401
623.6695860428016
622.8885890057669
622.2274454153122
621.6180960399967
621.046104126799
620.505680302556
619.9898652987449
619.4910573013153
619.002859393878
618.5209494208186
618.0421152248528
617.5616237025296
617.0699106180872
616.5541414283663
616.0394816497413
615.780647054958
616.9676021226653
616.8873855825435
616.3426099277984
615.6269678344275
615.0405071659881
614.7622207580173
614.5370566957716
614.2124877923582
613.7054832245115
613.214407587691
612.5872075002803
611.5893086734363
610.7849390509136
610.3940806897982
609.7623260485174
607.7552844272657
605.7034283921414
604.1229664886234
602.2589284487642
600.5406856517587
599.3023094066381
597.9993052525964
596.713810001923
595.5830679636322
594.6082490596561
593.7661036668972
593.0295721364785
592.3860155613156
591.8325448337725
591.3093824526916
590.7486773374985
590.1780716211039
589.6182085878436
589.0681128845372
588.5263389997785
587.9939860220413
587.4734337481359
586.9675106767565
586.4789127364729
586.0103903756228
585.5668161905156
585.155153239542
584.758554888831
584.3249235747376
583.8798597125732
583.4537490544315
583.0348296019724
582.614322693677
582.1925991153411
581.7748687598211
581.3631553007419
580.9558481352154
580.5517733641854
580.1527751714304
579.7612772857651
579.3774968061774
579.0007267418143
578.6275624740991
578.2485008164953
577.8530085959937
577.4388192154903
577.0159311519054
576.631461057099
576.3284751933556
575.9072709076423
575.4280628590325
575.0627752960116
574.742757022913
574.4332414556203
574.1844497259813
573.7311941055094
573.0373436130478
571.9626888467617
582.8087349724666
562.0726520924024
526.8559044790657
485.3914655429747
490.4511872001031
491.78996809710486
486.27080656928666
469.0063465650081
456.57590965966784
453.31042120130496
454.54689542575363
452.8078992676887
449.6420702779941
416.6464985140187
433.5943715744094
422.3699964658217
411.55917560490013
401.23932945642576
385.4773821563869
384.11245938040935
418.0228320364804
426.36526864339413
411.42688337692124
398.9351293604957
395.6479783977508
388.58349860653715
405.44300076880256
394.9887007303933
385.68781560759163
411.03255451217376
384.5626064489176
370.8986277733424
361.4188794227085
370.73500065041856
372.88295470322834
375.03233636917616
353.37301370212623
351.9284408239212
358.2149421317419
373.0968812911314
362.72328396543855
356.61151944814145
366.91917845251214
351.6902717617324
385.84406042205654
333.73996875459324
372.2185859549474
371.5909133168269
354.29979307580606
314.6888837278194
353.7716376015779
339.7260313069138
324.26622762088937
353.35961486894956
337.2721615209376
344.29137546580154
373.0835352935601
344.33644591848235
328.1737441690925
346.4284512138868
328.9639803800227
333.17694205518995
347.9057760811695
313.484456151753
328.17427218380243
332.8338940940942
345.9269107455978
329.5816371619336
335.1286078152612
337.0236061565699
309.49886763525745
340.9131582256408
335.53343778921925
334.9025361644231
343.1970037090696
329.8453148309623
312.59646670569276
299.2980431439693
340.7373743862077
282.65823794798825
316.7349075384258
317.0023412481191
311.1164600817502
339.61115024678384
304.87944729065043
302.6833505971042
304.6483183238146
307.74677669839576
336.01579162249436
353.4419939172414
317.13751414547795
324.9848814375026
333.5589239143067
334.43323678518504
326.19424665466164
323.50686797859356
336.8254257191276
306.57353134512016
320.3913598073756
317.800443443887
320.2522632408317
320.0121545040122
322.61174713709073
325.8039680124527
308.77840748273974
310.29580015657587
306.7238454996726
313.5582321461476
319.89166330417737
310.0279332188567
309.2813434699017
308.35093167346724
306.6637181890248
283.6183499141006
333.54777418526896
324.5305693660377
308.93288751874223
298.95267070669627
307.48167828450767
309.79135317952614
317.72012485432384
317.049459888069
294.62218590047354
298.5141055078166
304.1853815569304
299.44871023801215
281.8252379609296
309.38568450055163
302.80455595295643
315.9536945214853
319.92148452290905
307.7260916722372
310.6599416043128
309.36309687990826
294.5251759263373
328.83565601354735
315.2550004822091
320.51646011032966
291.7214373201283
301.43341645137895
299.70600011593535
295.0135364910612
286.0665579617749
319.6464748714234
312.88419306200575
312.4523297044008
298.3544640758145
312.39693819881313
295.0052243267317
295.1418271777613
314.69591430986657
312.63475135042756
286.19092616974297
284.6968537482056
303.92345741152985
279.2118511562417
293.3972974746313
306.62938547030143
296.79019823523026
295.52952293482485
314.7242508369216
289.6589727608145
296.53004624101806
291.54613855013935
304.84773074245606
308.88798299882126
290.90617906572504
288.6796529007762
295.82230818250156
300.733050197055
298.30789000417946
308.94804912270047
295.1258972788646
292.9113966861202
282.6960709864789
287.2785136969106
290.50681111285274
287.84079477316976
294.80912659975775
289.86887751017105
308.03750177461365
281.3898154879972
296.3644598648061
291.24785064539054
274.08585376145936
320.7871306615489
284.91393786423157
287.9404620363639
278.52029781328866
284.13983033734695
277.2825695833402
317.97596651308834
302.10576229235033
293.94244945911595
288.99325231399575
285.1764025894778
285.9702085946608
303.32099593417564
291.7206698973354
285.05933544437397
266.7077579572786
282.76685732883885
291.73584567770394
288.0438623591734
290.97255552764375
297.25528880156384
299.4183225896608
312.8594294798418
289.3410495635409
283.7872998929747
285.6628945233215
292.81883984374423
273.65373544470697
295.16311918439163
284.80439014612807
282.8485187489434
321.3838493977044
292.61768349690414
289.97246255721507
287.33499766845125
281.7332994914974
302.84541501688085
278.38380925199965
310.1677266085017
300.6436710082939
286.02384922118756
309.1675211920101
286.1629436314542
298.3237320095522
275.1936472643901
285.64684385903587
289.24835491289554
279.847299596541
268.11914233619774
298.6064367128245
288.92296796200606
275.079328909124
288.8022422293246
283.10249302360586
289.3297792023586
278.13307172925914
285.1847114351732
341.42403215802966
290.7259473654203
303.7528850078634
316.28396187486413
289.0086725263302
299.2775600553995
298.8920021269261
291.49801840115407
283.51602494088223
303.0793608388033
291.59851867181334
278.7266427902781
305.21109485188197
292.20866492850587
280.9658486489161
274.1208031306874
277.3156939362603
286.7656187382862
286.4595453346697
317.4115681338593
280.5905064432337
289.36095014229596
276.30894073999747
272.854805116062
286.9042569354997
293.68418538286363
267.57742337347554
272.7065249328551
274.50680307004393
300.08262096101305
290.9601999968724
292.34210834498424
294.45204580861196
274.609615305809
306.95349697337457
287.70197655580284
311.9007132043763
296.0608751784189
280.6958272062891
279.50360985616635
289.9556001655612
293.67349350618747
288.38653475944426
289.9954472510963
300.6692425239255
275.976614624936
298.0454943495946
292.123063324957
279.4720841815626
286.9369883684914
262.2243313333725
289.3171174881209
290.53709247177795
298.58370367678526
298.0888164819683
273.35206092680454
272.2354079777303
276.7420246713631
281.8931972894225
279.3565998272888
280.0013109113013
302.19780599305557
270.78799135880774
284.62640774829765
278.1303193128846
292.3426490832981
294.12498821669857
276.9654705049108
282.1590735871603
279.82243288704564
294.2632630246337
281.7132387658948
291.2306611572618
290.92059497038616
275.664169422257
308.0802730198413
277.8867640148005
281.10854486240476
267.6015850270345
265.4741924972381
286.0701582335957
293.3998493981389
295.4665180339208
276.6168854071138
261.50151045186044
263.23433264700077
281.12051329281775
297.78295350744634
280.2597746183245
292.5471289411713
300.601785514568
287.14499143992344
273.9783582300828
266.9427969810374
280.03867456638454
269.39196509228594
281.95018060725806
271.7931413251375
273.6982272202737
280.74509221745245
285.8776601130896
273.26068250061627
294.40065833282387
283.6162656563743
301.1125511083398
291.4615830320467
299.4619287055249
293.9742092393876
277.50728700503157
301.1881279497232
266.75110297322504
265.65585222330265
284.2338090630803
278.61746696615995
270.14392696919947
266.4802809046474
280.3355935893667
276.0870036071434
267.8111028686971
264.5247551505635
284.19279738721866
288.8322919052553
286.7726365617486
273.39926274438415
267.06730384541186
266.0352044006724
276.2981394789728
277.467277970102
287.6173784806936
280.219985439445
265.73850090747027
256.7844375734453
284.62391668449663
268.1766628404622
289.41390884208306
293.3579438387982
263.20182470216844
288.629823611717
278.6041822181526
297.876143570549
289.09836116713564
262.1050685508348
288.62767478620725
294.75280751708533
273.47013684177955
257.06963519944884
270.49320239924816
277.8733967679364
277.0358159656209
283.12686180415807
260.46091558902475
264.0939391288152
268.2272092130606
293.6564449045076
294.44643286795525
292.063519156204
272.6151027866626
267.86764792874453
283.8588807515088
278.62021080933164
263.3031938191746
267.8209864874712
278.71555244458335
277.54438347799436
265.88028408778194
307.7285905879913
282.5579929782213
293.63824864994507
262.31559717178885
287.2033355156207
273.79631502133833
287.29830744225796
293.00742125436653
282.27995240554714
277.8378689537407
318.7610518852431
281.31406722966244
285.4709683041676
277.9724890819852
273.86864104308273
290.7615022915272
280.0323554966666
277.1686894681185
292.3172689166971
284.6202778350311
278.80875494564197
276.43894854294626
281.91223575764013
296.36188039582186
296.2557193847672
288.1415466503412
277.99309911591394
276.9526237831834
275.55548994078083
275.07181306323224
291.39169602377916
265.1302195503436
313.74873552420183
265.13335845447386
262.2718210129373
284.18017645271254
289.1610691744596
301.45655237494907
278.5389156322394
293.7891138680427
292.79594015125366
269.7506189268149
282.22270366876444
273.51234433958507
270.54646867114843
273.7211095890577
288.99166014269986
284.6128704206585
280.0024878002895
270.2926335735782
253.05906365647738
287.8214207874499
280.0247165740367
271.6307094119094
278.32468273865123
273.1480994235047
278.9852548373027
293.2444782679809
272.57798160048804
282.3971088807099
270.1851796001673
266.6394140136584
310.12219365196654
275.54881099678533
269.0684488900318
260.5552224715841
285.6232692769574
276.5001038363745
293.82712142714144
293.867963688937
281.0706125550109
263.75654628596374
283.3499449184543
293.940910977658
285.6040064942317
273.16823494191203
278.231790809725
275.96304365381826
276.8525176443836
246.49340091426586
282.20924482055517
284.424565265794
252.89114357100667
283.3064413632468
263.3786577281273
300.5717930308067
271.039673772989
276.26851789894886
287.1167201301807
258.73844884271614
270.64968321823324
283.22810016085356
268.5074435430073
271.25122485376227
284.9734017198543
257.73859038078535
303.60337791199714
280.54850758998356
263.54695323495645
282.8122965895968
284.0258166376783
280.8838059579297
251.75184937384256
288.24365303194935
259.627545134754
284.9668106050541
264.0516890124462
269.42901976059295
258.32810769672847
271.6531191040925
255.9197542659452
266.88149738030944
273.35927279273426
259.6579765660615
256.0770671160125
294.69500247498746
275.86250671447914
276.857838321079
262.1681142651164
270.51432238832575
282.0861056468438
268.08153317405737
281.25439526577105
280.2524398057126
260.1415501177496
288.75473085268914
255.65668533375745
275.1249686798509
267.73885514707797
279.5186088473914
262.6014753564109
275.8240289009881
282.99156480237696
277.20061883475296
262.0705610103856
282.22328182951884
280.6878794757949
284.53983838098856
284.33277604686475
280.2944279584433
265.92036006462405
267.4528976523432
265.8334034852202
265.6162233038713
273.8226941954325
262.55962382407535
260.0381923333054
270.3563835974415
250.64116086550592
291.03876072846685
263.0608452556968
262.1126515413031
287.19332387384003
262.70510145293366
274.95884522615836
252.79852503436408
254.92313311553832
281.9656418324162
269.8695954324596
255.7611252532966
260.1382229177153
273.22265537231004
262.0808277561755
272.40998094549394
269.1177199680942
273.3629794471631
281.3174931485253
264.5334731280781
259.4189551447658
257.9783697454741
285.18590735239457
281.3327895007723
273.8880483716284
259.3903145257836
273.295940197827
265.6291080237861
288.91929657670016
266.63318319059255
256.0386155962347
244.86542633915147
260.94662123376656
256.2550154819722
272.1749833011701
269.5820677787983
251.80494028380573
255.21686690363236
293.0695378568987
248.909455468569
265.9328267794396
270.97957973140933
254.56803137732845
261.9421117462845
290.5558825504211
273.7760836248011
285.5272455132545
280.58000685372775
260.4116856976288
266.8071941190494
292.19857158637143
278.79596416859977
257.32358420556113
279.66936665352125
273.40854601770235
271.0671569660067
279.5043937129241
267.78714948070433
292.4014044503941
277.605414047296
269.36211919309056
262.57525111443107
277.2110829878375
268.9121371356843
256.00998751795987
272.1001860740085
255.83713053582613
260.64809418121797
259.5836978612161
270.09327412379065
265.33055974281933
277.93211620292783
291.44937712995244
253.57817528216384
273.7747814333227
275.22986608332974
256.47339030661135
270.9206435983154
276.2234085255929
285.2254489465991
280.68232674590445
261.2745099555179
303.33948837211943
286.9332164138233
263.76387311623125
258.82734139009057
253.22550104094105
259.70267293816465
287.7686988165831
246.92909412207942
253.17479736430047
257.71744084651067
252.09315041246288
277.75542163143535
264.3761733469358
272.59516644011035
274.71645797595266
265.24610731932955
272.6861396248001
256.66600856316114
284.4986888391198
250.58268913421145
257.0179257360613
284.897922530325
280.9534702745364
271.29010049938853
282.13201320998945
274.0528855017263
274.3434066234839
255.48159171131886
268.70890495907395
279.2956892217099
271.00208651953255
264.95029472906225
274.4691580847679
271.05234149215755
284.2425137921721
279.5640380101469
264.3162120435758
263.2390303858219
257.75692658448077
267.05514845967923
251.74106651601954
251.15213850162093
252.6379147316818
266.30219483793826
274.8441104303501
247.0167114043557
286.895305349656
278.4157179267756
271.162830895978
256.72257002768737
273.7609788492174
267.17431377896185
268.1381177401293
253.70727242294154
274.26733179598307
282.4090075452996
273.086551639785
261.2426056587488
265.62972311691425
256.2677218695638
256.97544912947876
283.8387396875535
260.99043776962026
271.9621387562815
258.1911429403378
259.79795289472224
285.16076383599096
258.38038379074834
253.4827926019651
255.70061736576807
267.6306250069479
251.7062073083769
262.66151787285696
267.87386982139174
253.35783283189613
260.6331850104217
266.18054773338747
282.7444520425942
258.0607758377983
272.2987891776658
265.0830332138033
268.2242604807565
257.33658210808073
266.8637417805015
276.810863175857
268.916815076502
262.2285750207461
261.4072686535491
264.5658702158006
271.8427695483298
274.69353464804703
267.1583723404455
257.5478528566325
273.02978883369
259.8696813601637
260.12146274998895
281.2509195419329
280.21125432582556
273.0282588451804
290.13712348485916
271.56731304351075
264.8927718552471
278.40889759464204
271.0571324032411
273.1061970749255
240.43841490727215
259.19073724135035
242.13031195022077
259.4598346875468
281.6180146215036
248.7896501161686
281.28930294219583
253.22341911027266
270.8675221803687
262.6586666937811
267.24017285966534
266.1929349738958
278.3294298822185
271.55940039010204
262.7920636150552
264.17699749840403
249.94433773712882
274.30050940817097
273.12115351559225
258.15574481705175
265.91795423999497
288.9330417536097
255.9599103782672
237.24140099659306
265.11595561444966
265.5731138669582
253.9752554962794
260.96624163982483
262.4494706730731
273.1307873677298
268.73598825956674
264.48328471188233
248.82126210046098
263.24841529486076
264.7479143883148
255.46931887169205
278.3276608592218
273.65401163906006
262.23820538562364
283.07935529745123
251.52814194228776
272.7735485506625
263.28768999066045
264.78923317873813
274.03678811890836
275.99985533690824
256.2190389497924
262.9760165761966
277.22794500358015
267.3196410578146
277.8600247678486
240.93115004898038
247.21324670839348
262.37141823902004
255.21532753999028
274.93565098026056
268.18068690599523
282.4863735636624
272.51261397568555
265.8349262204725
250.37903598635057
262.7521108000831
256.90033809448323
253.91684900290127
265.2868601124255
252.58314367938888
258.622504865065
295.13812295011115
284.09905255814607
261.41479281228334
275.25570033471325
273.20208185388697
269.3345887686337
279.3470986120409
258.3502664693111
284.1667315745388
249.7880060753301
252.43305992668698
254.25211934334018
269.881894266682
278.6775645725907
252.5734593290309
266.48872998619163
273.7816710735063
267.45392681409777
261.1386193423199
256.6406961701892
261.04067708242513
265.07069291889707
268.7879776370496
263.16708842460366
258.65974335895845
256.98356803207315
287.9618550063576
247.85975700769256
256.04604092391855
253.74818406295927
272.6112140109319
269.8194609242253
247.48738238933853
260.04875564441704
269.28659755329693
258.26327071558137
262.62890814614656
254.89408874420636
266.90589969692144
268.24242840138953
258.9385316529894
269.5929595555886
252.06437445874113
257.58312400355874
280.6006346062458
238.26454197656398
254.49783258133112
248.78731217010588
263.3386281758477
262.9977733952243
274.7254065556496
267.73854403540446
278.99815050713244
275.65424612610707
283.1082045722743
269.22802480577917
249.60928575926815
270.4692844429453
260.9050155060129
246.977519094332
272.298209794778
262.9108608283854
277.7661163502334
265.7569135905316
271.952006580389
271.4179100859762
270.7637080074547
238.9177438131473
271.26992872284814
257.4983991753284
280.4594301247763
264.81440836403857
270.65535149614584
283.48292674753156
260.66381717038604
260.1226525634247
247.71769888243952
257.5040715151021
273.65601830111734
