903.9593113445313
785.5248945374635
767.7574322755195
760.7743484676537
714.4063724637011
673.095779998601
661.7755839747654
655.425169402173
649.2959901091797
644.8126013325642
642.6863006895987
640.948400848546
639.0720538744883
636.8852946794716
635.7383838338583
635.1338465402479
634.9657256295777
634.8661601451219
634.8718743604791
635.2098440530232
635.4200563734026
635.5331865217274
635.1888958383827
634.8219618496512
634.9968285915812
635.1992664817484
635.5097837401421
635.4427241343308
634.8404183081185
634.2784606583235
634.0967298365639
633.49535373999
633.5938206727132
632.9993098479366
632.1529482736055
632.0501222725542
631.7037397083363
631.4225553903831
631.1751536451209
630.9284615402009
630.6980772887466
630.5301627482245
630.3641467049205
630.1802465633683
629.9925366766715
629.814921431293
629.668338737925
629.5666744071921
629.4083861928063
629.2308369716167
629.2052390826294
629.2388874288171
629.4033797309006
629.4950877657486
629.5938700304292
629.6752522042802
629.7270257177424
629.7637201806608
629.7987758199963
629.8438788159502
629.920831599626
630.0645223289589
630.21079149008
630.2375905056325
631.5505440897499
630.5808633314733
630.5261251942354
630.4381152279093
630.3483044818626
630.260124056722
630.2243351245947
630.2939422410033
630.4165647250429
631.4965315366862
630.1138126906417
630.1303649482464
630.075039840966
630.0680436633869
630.0215619102133
629.9430843275258
629.5068153826862
629.8053930452086
629.6590176882414
629.3037840740537
629.5742443242995
629.5220057120623
629.3401032325731
629.053690022145
628.986957735481
629.2285469709335
629.1561928659647
629.0119303096819
629.8556896614444
629.0310003443338
628.7833406416261
628.6775539858234
628.6153685368097
628.5624905768626
628.5094124863116
628.4566002786385
628.4525919348303
628.3700455599397
628.1895780471648
627.8320443756776
627.9949841144023
628.4234074049047
628.2545643534237
628.2464981789584
627.8433240612962
627.6092823275571
627.5350395124527
627.5768349276449
627.4538020560968
627.0482475446017
626.9311781238454
627.4072858386738
627.9612913256195
628.4513342095562
628.3272337520044
628.4701543251819
628.6182026852679
628.3874112171463
628.5351806922529
628.3342108050464
628.3674112362525
628.2560885834354
628.1560027056347
627.8903171414481
627.7561224562198
627.2998740691471
626.5762453775139
626.7424259524244
626.740643202098
626.7915670902235
626.83324626452
626.7660676409823
627.3672487772865
629.120526970409
628.6460987800034
628.6026996704738
627.8639207103367
628.5009036043458
628.5179086041579
628.5049005516586
628.3594669337604
628.2993257984226
628.2760668403412
628.2445136362564
628.2046519315929
628.1653709650577
628.1372159273678
628.1266046007102
628.1314103964559
628.1435079762438
628.1523653310143
628.149414609927
628.1858823539364
628.2653771244821
628.2197956249425
628.3759830139214
628.6091178712808
628.8841070819701
629.5360322538946
628.6490196993983
628.2494013475405
628.4062376120836
628.3820542956713
628.6868580716749
628.6243881123512
628.6659974464171
629.5476230969749
628.1245772310215
627.9883428590184
627.8256294137681
627.727445424103
627.6101305873193
627.4669622150869
627.3356243883661
627.3445705439198
627.4539614807862
627.5178450730872
627.4198646213982
627.9452282389223
627.3571874756669
628.2323237416122
627.7696090223576
627.7102251442305
628.7238588401552
628.6341015760876
628.0580170555213
627.6245358134738
627.3377136200589
627.4435225940787
626.7279555775046
626.5920055786524
626.460973147907
626.367829807795
626.3244553496858
626.3113284669503
626.3311747377743
626.6367670684712
626.4274801628997
626.4619786993006
626.5243384838736
626.882274218627
627.0907689324695
626.9975442020842
626.9424782560458
626.895553406393
626.8560350055866
626.834108446256
626.831323979755
626.835918994628
626.8401634661369
626.8444342806512
626.8491191194902
626.8527166575586
626.8550514704955
626.866033210018
626.8961079105874
626.9426707421852
626.9879341386616
627.0338317439256
627.1308991587483
627.1191202747641
627.0325210560588
626.8988820896993
626.694969003328
626.5330706672403
626.5357851203596
626.5955410018104
626.6935134710583
626.9347430062109
627.0678353661816
627.33145117952
627.7366039349633
627.8712671461634
627.6455476866308
627.7838999771673
626.9825284303603
626.9702934843606
626.8961505358416
626.842135414704
626.7590927858754
626.711380811854
626.6625091427954
626.6144448118033
626.5845710428188
626.5934987566056
626.642833766917
626.6708736551717
626.8784624141587
627.5003461597609
627.3392228103796
626.5165988390283
626.1979523309201
626.14701280263
626.1190321576986
626.0914319802004
626.0571716919902
626.0154045255675
625.9699070988684
625.9328098120724
625.9339346915933
625.9483372322177
626.0439026229732
626.076241583109
626.063883446202
626.0129614256424
625.9296733038083
625.7529030888471
625.564724599898
625.5325901090915
625.50474489527
625.4448652462414
625.382016845314
625.3865164666571
625.3883550656965
625.3839786361696
625.3786086888393
625.3685815802261
625.3558661612527
625.3430969348597
625.3322382442867
625.3244539038803
625.3200884231481
625.3188447233833
625.3203409023055
625.324512272304
625.331204311688
625.3396111315823
625.3484521107199
625.3565932029122
625.3635064200026
625.3693695141359
625.3749150918254
625.3810463554373
625.3871680277952
625.3873543497209
625.3848928590768
625.3851338471751
625.386054697384
625.3862440154013
625.3824820203552
625.3766206295738
625.3659272368559
625.3612531590941
625.3581868187832
625.3550678812435
625.3251543020338
625.3055939110443
625.3065453020439
625.2243694231842
625.2325278020775
625.2820046200183
625.3918019883382
625.3447282740171
625.2147350158358
625.2071666764907
625.1818889348057
625.1450747423344
625.1098181143833
625.0635548887831
624.9860953076587
624.9450265540322
624.9792731794086
624.6763033935127
624.2600266800703
624.9988795224056
624.4287889191185
624.1365470155399
624.6944540282102
624.8562510788727
624.5007821021193
624.5986846391534
624.601380378915
624.5897049786755
624.3304319044807
624.2205383464386
624.8003269345163
624.5418847862745
625.2225748373588
624.6795516564391
624.7772039221683
624.2775139483762
624.5685292940673
625.2515838973152
625.0876946851168
625.1311492431645
625.2749978675413
625.1091476347231
625.1966615156621
625.0072378792869
624.9717533104202
625.2479556588144
624.8266399915657
625.3032296238798
625.4095692187733
625.3077546723423
624.1281823948387
625.2853820345508
624.5341926009696
625.2523511404407
624.5165638598646
625.2146655995089
624.3387079102587
625.1600288924261
624.0817326811597
625.1052319799122
623.9749787561367
625.1048840122922
624.1755068062823
625.1326595304569
625.3355999780973
625.3551477425762
625.3902884005446
624.88919199624
624.4735876360043
625.1691000982197
624.1363218016055
625.2431238529263
624.0336549041328
625.2649097932734
623.4879093628182
625.2874583221483
623.4984870021972
625.3105378133974
623.8087307113826
625.3416914173897
623.7868010724369
625.4261568388329
623.7792708367738
625.7388817889417
623.3476877437681
625.3874965495245
625.5870756337328
625.3581022560218
625.3216660246169
625.2977969854286
625.1940500036005
625.0685546900022
624.914958880748
624.7481246151797
624.5682520094202
624.346683113261
624.0429403423049
623.9045544067519
623.8512419177416
623.8289255181493
623.832743256812
623.8472380528651
623.8621844775113
623.8723832571744
623.8744936254674
623.867255908834
623.853849500925
623.8406433845398
623.8325124707801
623.8311792997365
623.8363508020367
623.8469924409742
623.8620542780454
623.8806821039473
623.9021320686163
623.9256055084145
623.9501512453385
623.9747341282498
623.9985056699004
624.0211535176454
624.0429932434598
624.0645698028262
624.0861300080273
624.1075375388319
624.1285692631445
624.1491514555287
624.1693920809295
624.1895390594569
624.2099623912209
624.2311421417762
624.253607271986
624.2778067405237
624.3039438046383
624.3318337524175
624.3608610829211
624.3901232598779
624.4188066177165
624.4466333573135
624.4739345596976
624.5011511331903
624.5284108450728
624.555849769626
624.5844226427963
624.6163724724113
624.6545078890238
624.6999501530748
624.7502353670193
624.8024474647397
624.8572294441377
624.9181289762329
624.9763086514838
625.1874673943843
625.0502061856076
624.9548625176864
624.757961185243
624.6971112949283
624.5106023679558
624.504712851946
624.486341644899
624.4888608075145
624.5014165275065
624.5200157186725
624.5400389889642
624.5551956547177
624.5614460508435
624.5626225560159
624.5683140903752
624.5874411487581
624.7194555767888
625.1941953511852
627.2277114310608
627.0403196952448
626.925499466054
626.7868005666247
626.6626178517804
626.5811580831921
626.5598560453764
626.5505841195521
626.6172297663137
626.6902090219847
626.8137451991412
626.8698115086447
627.0664827768027
627.1089279046139
627.1018698923689
627.1015167669517
627.0820682418204
627.0606836695996
627.0436515809781
627.0307879957487
627.0208280167599
627.0124234429582
627.0047161806191
626.9976741463779
626.9920479895985
626.9890097538687
626.9896987720394
626.9947716302933
627.0041939306037
627.0175085379602
627.0342379482474
627.0539837560152
627.0763529074038
627.1010295047573
627.1280253962193
627.1578651922962
627.1913628655626
627.2288888928889
627.2695948485655
627.3113022087197
627.351202480959
627.3868039844361
627.4164893355827
627.4395187158675
627.4557390486615
627.4653041893922
627.4685288746037
627.4658519570819
627.457840936007
627.4451848604532
627.4286547133842
627.409038636502
627.3870736660119
627.3633942786005
627.3385073589471
627.3127923015385
627.2865190857366
627.2598760285656
627.2329999899188
627.2060034141014
627.1789943279833
627.152087293458
627.1254052679554
627.0990741202983
627.0732128286452
627.0479228962939
627.0232802916714
626.9993324944951
626.976102184955
626.9535976998148
626.9318285018335
626.9108217553066
626.8906343823722
626.8713548748872
626.8530917690155
626.8359509899559
626.8200099991722
626.8052990411747
626.7917963834954
626.7794370819894
626.7681286208441
626.7577657144469
626.7482400323719
626.7394449078876
626.7312772702285
626.7236388568831
626.7164375989156
626.7095891461828
626.7030181689132
626.6966591442265
626.690456531098
626.6843643942452
626.6783456159893
626.6723708511242
626.666417362077
626.6604678410793
626.6545092950265
626.648532042011
626.6425288474676
626.6364942117089
626.6304238089929
626.6243140695466
626.6181618903539
626.611964456643
626.6057191544988
626.5994235547844
626.5930754499216
626.5866729275161
626.5802144681212
626.5736990585373
626.5671263165503
626.5604966283195
626.5538113055196
626.5470727766898
626.5402848366408
626.5334529907888
626.526584950199
626.5196913611186
626.5127868951149
626.5058918886475
626.499034809311
626.4922559320931
626.4856126630937
626.4791866301321
626.4730906114179
626.4674636331791
626.4623973923607
626.4575695953533
626.4544648684025
626.5296653351811
626.6361587560018
626.6657074216903
626.7955438324992
624.8751892874404
624.4002559341949
624.3597325878482
624.2694667010883
624.2492853610452
624.1622343641998
624.0150139363477
623.9392159414018
623.8631707060952
623.6519641528268
623.4975917173083
623.4255324415434
623.3869643944057
623.3639112145103
623.3505568317637
623.3454439071943
623.3488043037886
623.3618430984347
623.3872369869692
623.4299903105295
623.4963061711294
623.5844971722763
623.6635665852874
623.72134042625
623.7459550720729
623.6516011843672
623.6291380487054
623.5627771227105
623.4965441469992
623.4528346603912
623.408278581212
623.3480224908415
623.2647644627627
623.1636135684934
623.0619236017537
622.9733572983431
622.900565532207
622.8407561728882
622.791610668643
622.7515127677384
622.7184646800534
622.690372951869
622.6655968790004
622.6430763320392
622.6222097158233
622.6026962577206
622.5844201957593
622.5673887240878
622.5517193861622
622.5376743684533
622.5257473841975
622.5168160065385
622.5123525815139
622.5145355856937
622.525481652311
622.5431423801649
622.5511370014633
622.5318270044323
622.5215330182687
622.5211702599452
622.5209023280364
622.5206188506327
622.5199298209512
622.5180152867283
622.5139570910138
622.5070085049913
622.4968310174776
622.4836267740259
622.4681084714558
622.4512534251686
622.4339344319909
622.4166922782765
622.3997710316687
622.3833033796168
622.3675390228094
622.3530645317638
622.3405377103479
622.3281246134206
622.3074750619793
622.2721407466821
622.2307869786359
622.1955427679866
622.1697303471244
622.1510358345653
622.1366805364165
622.1248574533363
622.1145469644694
622.1051827770972
622.0964431666218
622.0881397492093
622.0801592090785
622.0724320267107
622.0649150947523
622.0575816971852
622.0504155362419
622.0434070654006
622.0365511787575
622.0298457186274
622.0232904845533
622.0168865501514
622.010635765158
622.0045403621119
621.9986026130282
621.9928244976775
621.9872073562398
621.9817515073958
621.976455820647
621.9713172399328
621.9663302662132
621.9614864198903
621.9567737203356
621.9521762379613
621.9476737913741
621.9432418734423
621.9388518887745
621.9344717646352
621.9300669534945
621.9256017802294
621.9210410109116
621.9163514521605
621.9115033523715
621.9064713869086
621.9012350734681
621.8957785691799
621.8900899222223
621.8841599575385
621.8779810451464
621.871546020011
621.8648474966016
621.8578777590511
621.8506293204498
621.8430961425136
621.8352753996664
621.827169573126
621.8187885890941
621.810151692473
621.8012887926536
621.7922411414885
621.7830614034538
621.7738134409118
621.7645724498633
621.7554264513712
621.7464806311423
621.73786678297
621.7297614680409
621.7224190162248
621.7162300615115
621.711823959422
621.7102436472885
621.7132237454624
621.7235414675837
621.7450546965798
621.7806842497782
621.8248174560629
621.8663034205208
621.8960056164148
621.8916337768467
621.8861008258843
621.8660499098827
621.8322477635703
621.9131116471043
621.8477933713676
621.8728027515037
621.8753225060614
621.8524589621816
621.9168781473824
621.9193695908455
621.905830799406
621.8926919339374
621.8872474814151
621.8926053916755
621.9038852541485
621.8864997104843
621.8322141178255
621.8469792635742
621.9403253766415
621.8335483984855
622.0534434813654
621.8363937105393
621.8416858946036
621.8008404438744
621.7960387562844
621.7943871638031
621.8166161545735
621.8434028569721
621.8045980069448
621.835021998627
621.7892239731534
621.7965809434679
621.7735235964392
621.7502804755914
621.716971557162
621.6767642514376
621.6482222706816
621.6324064051375
621.6231615465513
621.6184503051294
621.6172886012804
621.6191202687887
621.6236633905983
621.630839115875
621.640746520353
621.65366976729
621.6701149436586
621.6908758499117
621.7171186994424
621.7504364391508
621.7927086007514
621.8453416537582
621.9071996115375
621.9716257387382
622.0267442437989
622.0615963268482
622.070703038602
622.0532430193862
622.012055713016
621.955154221924
621.8955626776556
621.8446861272
621.8060476617998
621.7776285116448
621.7564609661277
621.7402937367501
621.7276382080811
621.7175277949348
621.7093254794797
621.7026025655482
621.6970653698042
621.692510438188
621.6887964525566
621.6858260519963
621.6835337180778
621.6818775238518
621.6808334742917
621.6803916600546
621.6805536442026
621.681330476516
621.6827405529978
621.6848063140777
621.6875486503138
621.6909780304564
621.695081983784
621.6998099082767
621.705058435975
621.710663357063
621.7164054935232
621.722034823436
621.7273085271195
621.732029376295
621.7360694938696
621.7393734685481
621.7419463396247
621.7438366314477
621.7451212311857
621.7458933455852
621.7462521439206
621.7462933392823
621.7461014268135
621.7457447154003
621.7452735890915
621.7447214878563
621.7441075734619
621.7434400459788
621.7427193723132
621.7419410336074
621.7410976628584
621.7401805987251
621.7391809501836
621.7380902825249
621.7369010257253
621.7356066875096
621.7342019344497
621.7326825880964
621.7310455706412
621.7292888253078
621.7274112302385
621.7254125202886
621.7232932284852
621.7210546579307
621.7186988953962
621.7162288805654
621.713648550136
621.7109630859637
621.7081793126544
621.7053063176486
621.7023564119773
621.6993466250232
621.6963010521563
621.6932545859044
621.6902589219221
621.6873923474876
621.6847758633254
621.6825998829139
621.6811681742807
621.6809678152086
621.6827699277561
621.6877347101937
621.6973828806598
621.7130663476983
621.7345453409899
621.758360312925
621.7781726799454
621.7878151717914
621.7842506574398
621.7678577344293
621.74102071312
621.7067547285567
621.667890485515
621.626732403833
621.5849979578295
621.543885438097
621.5041815499802
621.4663666989798
621.4307021105781
621.397296278413
621.3661537530159
621.3372104803531
621.3103592927706
621.2854681843047
621.2623932227091
621.2409874385324
621.2211067075677
621.2026134212093
621.1853785690969
621.1692827178564
621.1542162518064
621.1400791443681
621.1267804517279
621.1142376609728
621.1023759808876
621.0911276321419
621.0804311714675
621.0702308695822
621.0604761527921
621.0511211118778
621.0421240779235
621.0334472623463
621.0250564568184
621.016920787826
621.0090125197693
621.0013068999366
620.9937820379354
620.9864188116029
620.9792007907245
620.972114169559
620.9651476988068
620.9582926079592
620.9515425096711
620.9448932791205
620.9383429035208
620.9318912995935
620.9255401001286
620.9192924139659
620.9131525667524
620.9071258316721
620.9012181598597
620.8954359188189
620.8897856441403
620.8842738056148
620.8789065843715
620.8736896546237
620.8686279626487
620.8637254984188
620.8589850613687
620.8544080305124
620.8499941584639
620.8457414161068
620.8416459169549
620.8377019461691
620.8339021082816
620.8302375921445
620.8266985347253
620.8232744508975
620.8199546877008
620.8167288600473
620.8135872303496
620.810521005179
620.807522534938
620.8045854152741
620.8017044992724
620.7988758364654
620.796096558037
620.7933647279167
620.7906791774923
620.7880393384581
620.7854450845838
620.7828965895179
620.7803942046722
