859.3706238579656
714.6163712993716
676.5982053265749
660.410417703396
650.3216495680701
644.2509526707266
638.7301247422793
635.625020754365
633.5860718225554
631.4315203169015
629.435239078855
628.0824184034389
626.1972475758012
623.8952524030343
622.0782506275076
620.1158677775097
618.2033176814681
615.6374116107703
611.9407974650048
607.4929303598979
601.6439013382826
593.4118234058354
586.2619813523413
581.9209953393678
575.3252548678286
569.502035071305
561.2048685228878
551.284713049248
543.6687854061803
538.5731050836159
536.5770793394619
525.5727603360575
518.0165070250893
505.53295801800084
521.9721613733051
511.53163868310384
520.0925451547943
487.45308269301876
505.1413709943672
501.3256816495673
492.99686090206995
482.73922224313446
481.0803582261847
501.9698026889292
493.63595264524275
483.8887960587785
477.3891141270415
490.42657850764436
473.8409361980159
482.31763557855226
465.06920922042093
470.5467721146839
467.60924384913073
474.70398135723406
469.2331426698438
473.7084332087626
457.3972178484091
443.77990128807863
477.17401621963756
439.8789462192558
434.62851397449845
440.6500108644291
454.5514026262396
455.80319387019625
434.3637337723195
472.1816030148306
425.1232195750557
450.8980347941137
436.79332026010195
456.28108404323933
461.9487352059779
420.35598734828636
449.5453738855919
443.5179775196239
434.83287697683375
444.79176008477395
453.4807264845064
421.3826406928913
404.97114591204456
435.427270652933
420.31474677412643
416.31030453305425
417.4377740919415
403.19619540274516
429.1905448722471
447.3193092238126
431.7392244997293
429.15114472739276
406.5963465742868
435.4645498732318
411.81851875103445
436.3672549888064
413.8004435528445
430.6709303677708
408.428304546659
409.4315505081694
429.3813026237019
405.8520217865245
437.390885348556
426.68070802644183
406.44860836657074
412.1275209708369
439.30765946324925
389.9414516949082
409.3569753219187
408.64337990095845
400.9571989963702
389.60013628475525
402.6119709299579
444.25056273329767
399.4356912556765
433.7722193559294
427.30826042773265
432.26296751429237
406.12951553768266
398.09824482875547
400.16662858307706
394.4972835311321
420.9635883395108
392.9428588223765
427.9752547274826
402.9349704737393
398.98403512707273
391.55278329343366
389.72943190856324
393.0561354942837
419.73491968482875
392.0552613727543
387.4383695515039
404.75670128815756
407.5197037085256
397.01622158502744
398.70784704275155
390.3134820499859
401.59807839842307
417.96821806940875
418.33380242566267
398.97412653411027
388.6453607914956
418.126309080209
392.5382112128899
413.473347985282
367.6600995617032
386.0019789247797
396.3533263317844
388.15831923564366
394.23590515402987
392.68691712312415
415.4844484896167
385.2577571218525
383.83309637957655
415.61072839115315
379.28489304079807
382.20844371915456
380.9231002935094
383.5005290223201
386.0620637457879
412.6607595511624
403.1437784598176
413.8387479943209
402.2551258829422
382.9656808261769
407.50084120773045
373.470438650881
408.8827357382026
380.20720816587675
391.3375191156323
396.6724499517356
375.442886195557
399.8563385007905
383.4865253648316
399.42316536279867
373.41665331136437
395.54168739921374
398.99014207108513
400.54462997213807
421.58229600746154
379.0872736328872
404.2505407983711
416.8860062735855
414.9057712266932
391.2617893356334
394.03250100872435
395.5338549572368
403.5485193039675
407.01082682368485
381.2709384457715
414.2495759744733
391.3118045354084
374.69839091188214
372.07154759205986
386.8406567954482
385.6576197840705
388.2132168718932
371.5493396042823
381.16749786170936
386.7279597028692
393.30440185525987
367.86495202429927
374.429700508186
393.0805819708285
369.6573458085328
371.0586761540848
381.99751980947275
399.7469181988625
397.42147866646906
381.4420082942151
383.64724634052266
382.4156446061877
370.48949275459336
373.0672570837403
382.64680576388037
386.32375005210764
396.2075425751956
400.4831275529365
368.93682284281715
376.8400464382866
395.530860575922
346.766909804125
362.9275192205977
360.4540453128831
379.3415921626998
386.58851787024764
394.28649692076596
384.40425922898294
365.93953184149564
372.1723863424297
392.90201830580446
392.62176891431
370.9908656919221
362.807401239156
390.8093428210568
369.5396506058946
374.93678001028985
376.98334535454785
371.3484837281139
367.5990316519754
383.3023947180585
369.6342900961607
392.6166708181341
374.16277260837455
354.2089577571365
367.97720518770166
392.07244087784886
389.26898417628246
364.30827816288826
369.0119226639103
364.11473169570985
362.2515195403086
357.9014500055033
377.2231373183068
374.6182152256689
372.3819519425817
367.52778238844843
398.9576062940809
373.63435022457855
383.99352831471265
381.40400496347564
371.1786208371101
365.7114412230823
389.43133392774433
384.25057429383605
368.01051668266604
355.7429921338226
416.2060663673218
365.9075818970987
390.07828379121895
374.2577062385863
370.85068486557896
385.9663009161404
367.74698667657003
364.7003206086781
359.9499658757284
391.5843832033389
372.0363551882666
361.7809799543149
376.3808761349835
369.4292367001319
371.7061600376054
363.66087803996373
355.7591837090612
387.8556516990447
369.40661112890695
379.36016576029925
361.2556137953725
371.46853989823643
373.84650655203905
368.1048041292646
358.752722137566
356.07198812853915
405.89455439857966
372.54894658977673
368.56368059939575
389.40388385246473
354.9306028359788
361.1399629584636
363.7134129837839
355.02534143707294
365.5066244900775
367.32655541918496
355.0784207938547
367.46727541763505
351.6642715425338
360.76272698045403
394.9086648533326
368.2548257706887
384.4500835142384
350.77446209971254
356.3699167359138
346.5425489431606
354.17262685465295
349.2018119428182
364.26307169608486
366.502910870445
353.2653163249951
343.1783733387396
366.9205910744403
365.21154235277027
386.5490366928332
357.76297028989404
371.4346561922457
338.28161788352133
372.16830455040827
371.8448916680224
367.5720489263371
397.5985431481561
354.72564872487595
335.23250061188503
357.2608736126894
362.57754046848225
345.3751998225374
346.41342777858864
394.29227535573125
357.468718350114
368.46342136052004
364.5484466128764
361.0011846185381
360.98972164160415
359.5860379879244
349.60639659240513
351.74444263953615
353.5789520051237
376.95408487017045
349.50558900547276
353.7632077126202
352.0996343010023
418.5521543955658
365.32339103912915
365.19957577602685
351.037226377615
373.7157142809722
380.2054553799486
403.8739857860674
363.2941878096978
367.9097705238165
392.89177108616275
353.0568194696215
355.9755781058596
344.5072511404276
352.1121500955001
360.43223919767706
356.50502409482084
360.0694395714136
364.07194311273366
376.1559187101347
364.7203199277927
344.16344851788375
351.96669466053294
360.51090126855775
375.05127140422877
360.960454434567
356.2909456046973
349.32750810741135
359.67436805652085
347.45453083304005
343.9630299186858
355.3748880696167
345.4344651531577
368.330455648521
347.67682441638374
360.7208478215408
349.26521061096
366.09349850697515
383.23689696328586
360.4174533039304
365.2500898382169
358.842902815088
351.1838708597311
362.23167769239865
357.96771043075574
362.31866754829275
344.0836310417263
355.0529461564132
358.65051961453514
352.6287808672364
359.49767146129534
357.1116027057908
360.4940349369945
336.49928606695704
353.2786335842645
365.6089574821263
355.1523465981057
358.3591980950464
349.47761632910033
365.71760745649374
345.4656534099321
351.7061663993961
372.51310979037817
354.0294492092386
362.29757137631833
363.2122380699934
355.20046794747714
370.27663869438334
352.2459099149687
367.35503725782206
358.3658975130689
340.547029109959
342.5043516916433
337.4581692313829
348.95453475259137
372.62682310083704
357.7302297713501
356.0668366766595
366.7646656252507
362.622439207844
356.7739328614254
346.13367429592716
347.99993268616794
356.7133793811745
351.87838666571656
350.4094355147388
348.78856901513416
351.65116520035053
373.36959149320074
348.504973109962
353.05982218614145
346.46365363753125
348.2819806357724
347.70017401761
378.5154989164108
368.52457147420637
345.09825322082054
327.4807379871556
348.36212993888034
337.54183577805503
345.9720665771049
374.76198363777104
344.7371749281252
352.69955517447244
358.6508010410157
346.08748575430724
344.5406115939312
345.0549814700103
340.8102115798432
340.3780904713684
363.1871100546788
357.85583760202115
331.97985452893937
347.5440105922814
352.7474276501321
357.1281065032672
357.43269365616135
349.6609818868055
367.9363265296114
369.793358611227
347.8561914956012
352.5692194199468
351.86065965884177
344.63721406624984
345.58222043118985
359.57550547770614
343.0622531343012
369.8558043940984
362.58957128123444
354.875923420377
371.9880834219981
352.7054940661613
351.58364069361545
362.5194985927911
346.62529152551105
345.26334348613136
358.131950725017
365.02095165887545
367.2240059585635
363.08979203665007
360.28160901101336
354.7623290110157
337.3491321565009
351.587682124928
369.1639130895689
369.19978870597976
373.0150002918657
367.9315562025975
342.6678381608643
360.17396022756446
352.12029658075306
355.092318265744
342.84658829918266
332.2206069737436
361.8344489494438
363.3993667440034
345.738744384838
349.10793583849477
354.80325783840266
360.437432322715
362.3990390306273
341.7606060388539
357.4644856909327
365.06878293392555
354.3278462306574
351.42164698561226
348.0219906199049
352.84775720147695
348.02006208076074
336.3717680117387
356.91710559797525
363.9602413962849
342.8660928928419
344.0419324484754
358.74882862689765
347.2568154848092
358.9634468645289
344.32598718972946
355.7279818145939
363.87878199306465
353.9003153732861
344.5987241465548
367.0345058460265
354.9447244943875
366.0726131822271
353.79916605094934
369.46854280986827
376.21100721362996
360.71076555186056
338.5713831784087
349.0586556522023
347.4814713274293
347.228730338241
372.4255551195117
353.9831877830975
359.37105530717
354.4164182039008
354.10831294889203
352.36848497488734
367.1427489932619
347.09626566558273
355.9636266159573
337.63668583824347
382.34529953070484
367.29590152262585
347.3562274274435
375.42274824230475
361.47358134365595
369.0830418963767
365.0740124877091
352.2872324826857
369.323715490788
367.57293514071176
348.08972190272635
350.6218562385353
326.9344554083726
356.91023743520765
344.10196779732377
347.3163170670574
340.3148732647715
344.9619396216167
366.6985684677756
363.5787395689148
356.21821468090013
365.3696494347682
360.9995992195025
359.45257698216574
348.4477424848491
351.6465221878966
364.5432447162885
369.09343722788594
360.7241511912343
352.3704320894654
333.06223049759825
356.04665693139685
355.0258076513706
349.5666865680109
355.2526679885662
365.3094395355121
363.4355811768615
370.91355740127227
357.1803304825261
351.21679157511204
350.6089993176209
345.89279884736436
365.26668655197614
369.48504271668685
365.00869370205686
336.7334062169983
364.75486878017654
352.5544924364294
361.85343319040965
343.75593778880864
369.56616839839523
346.5828378159557
352.9354825312401
351.4002247603631
355.2596026961097
339.1719385377344
336.8720607855941
361.50218053933037
355.33635334574853
340.1861117903644
355.31364182920044
356.16392586625847
353.074787624866
344.14189590307444
349.6259297865476
365.0609401260882
369.17513072532375
336.0415014634086
350.7084090075998
369.10254590883284
351.4294247842556
367.82291068878715
362.93122929082557
355.0849999788121
334.1643908307005
339.9231582630258
369.768067848571
354.20273307089855
372.1639094003278
345.2449878603523
349.45502335953006
353.16586583343485
354.29653247641977
354.17228685034877
340.7253397465194
377.3928405925134
333.0613730344197
358.9954105586884
372.5570283517031
368.25885414448436
355.75943715969925
359.24699779274357
351.4674149581366
351.4224925930874
367.78987034372693
358.8407867340034
349.0690426153879
368.79970057489123
360.567161609244
356.9628663143165
338.41787540875936
347.4123537233985
348.6024710343048
360.6804428368467
349.43712090592624
374.7983365324971
344.113682836849
342.4790008972445
351.9874320610195
353.18300263882844
360.8287344184859
353.50913585062193
357.2584411789125
341.4837125348711
356.38477642305367
350.03214387023
357.1018774995275
349.70713847508415
364.95686931978827
334.0402296515175
368.3137467396582
349.72304688477584
322.36793822392065
357.8231264279955
350.3631065918123
358.1001682715696
370.5339972054919
353.6521653582304
358.1577110842539
355.55556136968863
334.7196383085405
353.28808168979964
346.1263033343408
355.32098841522446
353.34857598347907
339.15770005228705
357.14154559226006
356.17261647240105
370.26480220851386
369.1353687808107
365.2448584739277
348.08890672401805
345.8117124172016
375.15478800918623
365.73020415933667
359.677348125289
353.7632444568116
336.75923400677925
338.9678892620962
347.9859357240698
367.1894956285334
356.79910357459426
361.50267673790216
328.2249941888794
348.49456776394646
324.7539628792005
361.2700590683072
363.53483735209414
356.1917379476948
371.76535082991506
338.42778181349775
361.7912154308071
366.62487945558115
376.13380103641964
356.1352138665266
353.4596850830083
355.5209217966525
369.3772730669748
357.8886865830571
350.99507503839243
338.93975250289566
365.1760607946841
345.2807944822732
339.77329340136447
346.0787124724005
362.7681668223545
360.1538731494495
367.7536892798751
354.73934605925587
369.42820772315434
381.4525541454957
368.17508494395895
368.6965010263003
354.22313756359813
351.7462837298222
354.12549406763833
371.94127934661253
343.17334764374664
343.182532937715
349.0767681690634
342.6976693178628
342.16204994562435
356.79270548749673
329.9035021314614
378.40968094584576
361.15597976143954
371.1567607700638
360.87449754530553
355.07967618067556
367.57053599391537
364.893797184663
356.2152536996813
365.03118080711
373.8652740158258
342.1457461008098
344.28028137476423
338.0048965274568
348.707301655732
351.76301568563633
365.3747184452104
351.25653476041987
357.9133862009108
357.97269720284504
351.51605778651253
368.99431464443444
351.162997699017
335.1610731361835
354.54739844459453
355.16844145469327
359.3393003754329
366.1446780866257
341.08694896213177
323.1263628872334
353.1153306838395
350.5853965973665
348.0643085966062
356.6059720154752
357.7057083070027
377.73340508335707
358.82776140912176
355.0562379009648
359.3117116789898
365.40709534100904
349.02267212707676
359.272263156483
342.9275030767415
345.8445342865766
352.627837893798
369.0032184996455
354.0128916939147
321.0953714129548
334.7984604813371
343.15768923235396
346.4672834697954
342.0584453233586
339.1104301745307
363.63316016112594
353.5051291231514
343.08791126717324
354.3520866773055
348.1157434771845
354.31172723702446
364.06239439119395
329.7870983404405
351.9700664528823
357.12097015543213
339.96196031787207
354.29118418324265
351.11118943864886
358.7416600786325
354.4146842400091
354.17663540975894
343.6706962675052
328.92957231840296
345.1731312027913
343.85449774166966
372.50078448691073
369.19766141912623
362.0406044868337
365.847981144843
364.07398084896266
354.3036068734826
341.97603288820454
364.23893812653273
351.65372850241596
349.8510265324775
356.0019547346983
363.0939947275634
348.34997880003505
350.2788069805305
365.06138570128655
349.4017871759913
350.2854938533417
366.1593382382022
357.0428276849775
339.216288667558
348.0672947620866
356.2301223027618
347.2335272696141
363.71346024381245
346.583680570467
354.44811661256574
348.8540337584643
350.2996978223952
346.7235893337614
355.588870941672
341.1375226622421
330.9255447263895
337.3150143955017
352.06149200551727
346.52552673744236
340.4986618439257
345.2044282752713
350.6327401433398
353.9570831207672
382.542514702009
356.69783797512633
342.6587836796462
341.5161743600207
345.8315875201982
366.61376768002793
352.91643644106017
350.63826044845
347.2982749173145
333.60808928943436
359.24923839290904
350.6116185795278
337.45800508912527
348.0134260272282
349.0262391016892
365.8487742592089
349.0016734363989
354.96881649679005
365.5785471232256
353.56433752886574
347.6385476459444
343.18304826959337
348.9792099141749
354.8719930083384
352.85280183310726
358.270370650266
355.10435960266994
370.22073520956627
355.4244643827595
369.7675156864957
345.08136100456943
341.74122514163287
350.68000399310745
360.15115118014273
375.26306050536635
355.0872988478977
344.79688445502484
340.13820806452753
354.95173540464685
350.23480475907763
348.5871467947039
359.6119802631634
368.1502230299051
338.08269176417275
342.33654609179837
348.1069680306278
345.4406597732382
360.036451812569
358.4759688627375
354.06049936885086
347.95797401128465
359.15236743921673
354.5512600988517
353.4869963696137
365.3296311440521
357.2514775690784
336.0608359504097
349.3540970275875
342.21841671391525
381.17559572183495
383.334669816388
328.2803660205947
355.9645960092404
336.9178990932294
353.65026219071495
341.06466442003904
342.68520395415715
346.3738745185528
338.44605323377374
351.31411465636756
358.1339810908261
358.9739749094818
328.61204806179364
333.52646324317453
328.64713385811854
357.5945095329874
359.0501996091331
340.20418170525596
349.3398637426291
336.9849606662984
351.1227729536709
366.5252509927441
356.927541166925
347.71604420992804
359.1854366817215
330.7466346878668
361.88001737709203
359.3904531764784
339.75275648895547
329.1149216425189
352.05709487466635
369.92566346418994
350.56735825716595
358.5550608174958
361.76440539108427
335.5345863914066
358.88081279682456
359.5245260300378
334.0043562282459
349.7476212360901
371.19064355776226
348.19368101038316
343.35855731713093
344.80795987507713
377.22899781740585
357.7046489794922
352.0267378081374
365.3565130808388
346.03431675308934
355.26284110126704
351.58222570433435
342.7806356777219
337.2980723982979
339.6799904128078
359.0885635988792
349.1928805266387
340.41184303590137
376.69047764616454
340.5671352291286
344.1584108103466
354.54757002129367
348.0476679069559
359.07521431015317
340.21453718451664
332.55810370132355
357.75663446951864
327.45827020348815
351.47388866339554
354.0183661303051
359.6276403948877
350.9185970122949
365.3689831984893
350.52941647365077
347.5140820818024
356.7459329321177
357.11642264115926
354.68585406536346
348.72603958200233
349.07794632373447
353.40029656480704
335.58796096625343
347.72482873008187
359.7765267742372
332.91530457205516
335.4282928689438
344.70900148443036
365.84945732016826
