837.0783608428125
794.1754358057033
769.3724182095355
761.048904778643
757.177096599035
755.0018111602495
753.6686602172127
752.7851902841586
752.1524593624474
751.6713831075447
751.2893998049097
750.9754450393996
750.709369606223
750.4773497847287
750.2695272302732
750.0784625515712
749.8979844162092
749.7218645145905
749.5405632898057
749.3271667518774
748.8335749445229
695.7957770973509
652.59424105504
640.3349825141883
634.2860062382998
631.2198610157413
629.0080345014109
627.4247277677164
624.4051051073144
622.7305604558263
622.2108588201115
621.7219683758677
621.3632738915701
620.9692612494987
620.572449055073
620.1638887359919
619.7581303027586
619.3523264330049
619.0687889023593
619.0125332141944
619.1104888185529
619.1527359280037
619.1776586428996
619.2593888543114
619.4351583691923
619.6176906961368
619.6676002374312
619.6208154356677
619.6121044611159
619.6521231955008
619.7110753081695
619.7810497123969
619.8375128064978
619.8657225370738
619.8613540629582
619.8229139095449
619.722885818813
619.5172637078938
619.2669345831304
619.1077059288177
619.0464365383415
619.4433746517493
618.6934003311442
618.2565964028233
618.0706968958324
617.9168472030652
617.8845538941938
617.3927426680076
617.117962653333
616.9525718876023
617.3051127987303
617.8576520700525
617.089134391973
617.2665886279266
617.3986970112488
617.404585792814
616.8680633687325
616.6073109852687
616.512787639365
616.5571033245558
616.6393283768693
616.6063135305176
616.5049377009211
616.4282744354355
616.4083889167852
616.4303144848565
616.4750955140128
616.5229750198854
616.5547463955054
616.5700279347932
616.5995863084802
616.6614990169728
616.6753511761332
616.5890168909483
616.3258759237285
616.0653821488299
616.0409145552371
616.0538971898393
615.9936941468944
615.8554958163081
615.7425079357388
615.8030083873798
615.9281094033092
616.3365060330906
616.3014872034827
615.9959846547844
615.7525590136133
615.6217030451198
615.5837592137058
615.5585425761114
615.4663106362967
615.3569926529674
615.2519425278197
615.1753723152572
615.1205166178263
615.0726052790062
615.0233838585041
614.9692403785474
614.9087317068155
614.8415882880859
614.7689942996816
614.6938510179508
614.6199529053935
614.5505592858196
614.487587540028
614.4319853634792
614.385159886074
614.3502432161722
614.3334991580523
614.3443700901242
614.3713058938231
614.3882342664517
614.3815752832404
614.3608595233618
614.3480600584583
614.359970213946
614.4023405083609
614.4702245517019
614.5473005711754
614.5994785760249
614.593045514482
614.5429651345273
614.471247587463
614.3858904938598
614.2746995807532
614.1501982670379
614.0176906042028
613.8732371789027
613.7233320317322
613.5913003351467
613.484863736602
613.4000204933592
613.3294302985515
613.2561686933363
613.1512685517228
612.9859716221358
612.868791720583
613.008935254955
613.0350916397992
612.649324223513
612.624695909747
612.6919973498772
612.9592147704826
612.4660390754526
612.3997925637195
612.3783569196178
612.3743573797564
612.3868403351784
612.4750410219087
612.7504958396191
612.7077226745818
612.5982267057697
612.3525913956331
612.6190887642124
612.9539177639384
612.6931098434429
612.3507477814351
612.2986206616733
612.2550362732751
612.2304115917627
612.226465200829
612.227149319635
612.2075273961184
612.1660229719251
612.1427741006589
612.2952313912447
612.6739874951015
612.5394179687853
612.3630002595735
612.4716491292346
612.3443226540531
612.3045111818736
612.3078825124759
612.3230189949411
612.3131610788464
612.2939138990383
612.2618472030994
612.2292102315843
612.1687839269707
612.132067174279
612.0462670284212
612.0055530010766
611.9776362463136
612.1709698718918
611.7707050727438
611.8734013035702
611.8299478338269
611.7315217783641
611.6011075005193
611.4761577136915
611.3854425346066
611.3210382071509
611.2621569382304
611.1971505850023
611.1762705229298
611.3579867790361
611.4182639549649
611.563472964896
611.333722146495
611.7939814100049
611.9114868563095
612.1519484072487
612.1623312971255
611.6054134455898
611.3352959398896
611.2621433885724
611.2674519443865
611.350021048939
611.5477096232287
611.9122859717809
611.1650068316561
610.5935030304407
610.5708051416146
610.5575713732093
610.7011720983588
610.9008980616721
610.9350877917907
610.4570026942356
610.4654220675538
610.4841279885815
610.5143856276374
610.5244704101776
610.5050285989148
610.5324753901557
610.5607074193831
610.7422651854762
611.141076531639
610.7392034451311
611.5382162431791
611.8684259721474
611.8747187518642
611.8647642421829
611.8377003121544
611.7677606904496
611.633983518422
611.3328751483937
611.2499760194145
610.745678063228
610.8992845779827
610.8009194004458
610.6452546329139
610.7460160289804
610.8525841701276
610.7248693757817
611.0906921435974
611.239730027926
611.3270980064892
611.4255162601902
611.4539653203374
611.7491157659882
612.0867448580841
612.0862008414201
612.0852544124577
612.0935994175743
612.1090516533941
612.1262872018235
612.1399780321555
612.1527073902141
612.1732662915817
612.2057217845036
612.2485395625195
612.295334928283
612.3336996605851
612.3478281169821
612.3406124948731
612.3367520783693
612.356510204921
612.3550739553395
612.2076176591958
612.2548952169032
612.1312564422919
611.9409257496271
612.2239022132932
611.7893538124472
612.0685059863774
611.8496415898451
612.3249463978898
612.1902281945678
612.1297341039982
612.1185543358946
612.2189287735131
612.1816873444003
612.1390232412512
612.0671568859157
611.9962646389819
611.9319035516295
611.871491426833
611.8153162312828
611.7646559202512
611.7224791101213
611.6909850555764
611.6687771595637
611.6521192712842
611.6378639100085
611.624939395072
611.614042551228
611.6066437847264
611.6041168263239
611.6071449523307
611.6155374925859
611.6287014465637
611.6465699413395
611.6700183630502
611.7000921437864
611.7364821695594
611.7765638324444
611.8165595639482
611.8536372212911
611.8863824740031
611.914201982547
611.9368976534104
611.9544546996908
611.966897584027
611.9742165666078
611.9764563130319
611.974116250414
611.968900166027
611.9643237725883
611.9650700399297
611.974692403186
611.9932830963096
612.017044405482
612.040361745508
612.0595250721022
612.0752852999193
612.089645634837
612.1011247694759
612.1062675315011
612.10130493121
612.081292808573
612.0572596550788
612.061994758559
612.0312799785481
611.8038275326805
611.8761844367411
611.9521297865092
612.0227617099263
612.0328878957674
611.9615577183009
612.0399799057363
612.0922008042479
612.5201030378057
612.4021713297526
612.0851606748455
612.1428916112791
612.3173994863083
612.4305937681111
612.757903018469
612.9199199845897
612.8223968373313
612.5977891472651
612.3601736922813
612.304596567114
612.2156262327562
612.1590512095241
612.1755966433515
612.1961040032949
612.261231923226
612.435917315498
612.696707614042
612.6751028143668
615.1312397460613
614.7929926245607
613.86311479287
614.5155452163729
614.0698614555762
611.7008749030828
611.5367246680458
611.3964038450044
611.2712213339341
611.1914523920443
611.0684666558888
610.7826106222424
610.5143745245315
610.3233801540831
610.2324399907251
610.1909160719371
610.2097451892939
610.2468584960044
610.2388989427894
610.2065448027646
610.1364907083168
610.0259087534478
609.9746769594561
609.9339217617518
609.8686746526146
609.9096152706875
609.9162626378019
609.8870225487783
609.8671719205113
609.8527845026643
609.833192017159
609.813032655666
609.8217569829094
609.8568224644407
609.9125486289347
609.9884896238306
610.0127792204294
609.9989446825931
609.9728453834438
609.9559463244065
609.9475189980818
609.944024746073
609.943544283839
609.9436422221316
609.9411091395727
609.9311360009253
609.8992861522696
609.8402522648958
609.8107413256415
609.8151773823959
609.8266856126792
609.8381569268317
609.8487177618863
609.8583757936448
609.8672699595884
609.8757228528515
609.8841872217308
609.8930463082803
609.9023571339035
609.91170432296
609.9202860609987
609.9271635565159
609.9315401791681
609.9329830489432
609.9316992134895
609.929237681908
609.9288594416796
609.9334865408855
609.9433461419205
609.9580207814405
609.9796028498263
610.0101043141747
610.0470828598109
610.0858817104244
610.1237349642985
610.1592831371155
610.1911860973917
610.2180692373607
610.2391803395121
610.2553368135401
610.2693667168572
610.2849483057809
610.3043803444428
610.3272648287269
610.3510559105466
610.3728737508834
610.3911219608572
610.4057097687453
610.417166329273
610.4256651827657
610.43032606507
610.4286271885012
610.4161799409973
610.3883127274037
610.3451189873432
610.2954517097722
610.2538638973551
610.2282715137161
610.2010482324768
610.1681386185509
610.1417582518509
610.1271773050347
610.1187012080561
610.1138929820668
610.1105066708667
610.1049747045801
610.0958892559189
610.0833784662505
610.0683602077563
610.0523859675668
610.0373088361433
610.0246613645753
610.0152427281021
610.0097808779824
610.0100448543747
610.0184363470703
610.0368129452327
610.0648019443903
610.0973099419682
610.125176761983
610.1427393185296
610.1525992208333
610.1588245910391
610.1622923765561
610.1624063689369
610.1586615498055
610.1511177693286
610.1405719539601
610.1282931469495
610.114612412499
610.098259505461
610.0822362207091
610.0780478295637
610.0957150744798
610.1336083527965
610.1792078172313
610.2438218971781
610.3272312992281
610.482771899812
610.6386528705118
610.8459023408137
611.059699798707
611.4107384019102
611.7504095007549
611.8895560019397
612.0058642678084
612.0594578933633
612.0649970719454
612.0490520525814
612.0266246792899
612.0047941983441
611.9858039060713
611.969550010709
611.955310500971
611.9426698729184
611.9317954114947
611.9232652206431
611.9177043944729
611.9154506522422
611.9163640141165
611.9197964324766
611.9246841533508
611.929711194245
611.9334967508779
611.9347716698375
611.9325251709353
611.9261157574912
611.9153425587547
611.9004676769122
611.8821780348947
611.8614841078701
611.8395687242994
611.8176149603099
611.7966525090418
611.7774574349341
611.7605175805054
611.7460503432325
611.7340500461469
611.7243499201078
611.7166944438985
611.7108186757262
611.7065235106777
611.7037324602659
611.7025244210018
611.703147196527
611.706008523576
611.7116097011841
611.7203506414903
611.7321314364433
611.7457659340408
611.7585078022715
611.7665085290652
611.7674169328832
611.7650806061637
611.7705095797617
611.783300201493
611.7900210165004
611.7988942499522
611.8159555687873
611.8389864011601
611.8648350071303
611.8906839781756
611.9140117409121
611.9331649254987
611.9477064574903
611.9580325299187
611.9648186713777
611.9687556512462
611.9705156291686
611.9707742871221
611.9702021349402
611.9694197131814
611.9689482413036
611.9691790328983
611.9703598833725
611.9725833974823
611.9757676253901
611.9796395892257
611.9837650389642
611.9877006724523
611.9913233132978
611.9952276712056
612.00083205284
612.0098627174535
612.0234624820989
612.0416782481362
612.0636678779564
612.0881693687501
612.1138000005859
612.13916643566
612.1629926793178
612.1843651784977
612.2029021044151
612.2187011546064
612.2321502220345
612.2437423650757
612.2539582123219
612.2632109393737
612.2718284826202
612.2800523148667
612.2880416348252
612.2958788107205
612.303575469163
612.3110796090627
612.3182836125623
612.3250320084026
612.3311271902955
612.3363316655448
612.3403671369028
612.3429137695118
612.343617019205
612.3421135751291
612.3380899600854
612.3313811854576
612.3220932391324
612.3106916675711
612.2979731516449
612.284888500333
612.2723055349791
612.2608556259472
612.2509167838892
612.2426697278233
612.2361510573969
612.2312834849818
612.2278996715261
612.2257738238418
612.2246590605093
612.2243201371276
612.2245540107369
612.2251976551374
612.2261269351002
612.2272510145814
612.228505509142
612.2298460883563
612.2312431791429
612.2326778566858
612.2341387731395
612.2356199108988
612.2371189590506
612.2386361480208
612.2401734161617
612.241733815129
612.2433210866461
612.2449393623478
612.2465929522508
612.2482861972848
612.2500233683946
612.2518085995966
612.2536458460494
612.2555388605783
612.2574911839324
612.2595061453287
612.2615868706639
612.2637362965371
612.2659571885656
612.2682521629044
612.2706237100929
612.2730742205556
612.2756060112292
612.2782213529472
612.2809224982982
612.2837117098113
612.2865912884068
612.2895636021536
612.2926311154816
612.2957964190441
612.2990622605491
612.3024315768877
612.3059075279448
612.3094935325096
612.3131933066602
612.3170109049548
612.3209507647381
612.3250177537146
612.3292172209074
612.3335550509955
612.3380377219909
612.3426723663307
612.3474668356262
612.352429769858
612.3575706725583
612.3628999947938
612.368429232344
612.3741710424075
612.3801393882178
612.3863497212105
612.3928192100777
612.3995670220424
612.4066146508991
612.4139862645779
612.4217090054628
612.429813110873
612.4383316193024
612.4472992828616
612.4567501236668
612.4667128936954
612.4772036407345
612.488214880258
612.4997018582757
612.5115682939478
612.5236564423969
612.5357478061335
612.5475790704647
612.5588719495498
612.5693684587316
612.57885997282
612.5872018376143
612.5943123718124
612.6001609298895
612.6047518323097
612.6081099312838
612.6102710886794
612.6112783946215
612.6111832684952
612.6100496634265
612.6079591672429
612.6050147186115
612.6013410396935
612.5970808563019
612.5923873762497
612.5874147940757
612.5823091785296
612.5772017441815
612.5722055144984
612.5674153227801
612.5629104000961
612.558758562516
612.555021078516
612.5517574378266
612.5490292475362
612.5469021753794
612.5454440678823
612.5447159310728
612.5447504457204
612.545511110008
612.5468272852966
612.5483127206458
612.5493011605114
612.5488537266834
612.5458563368145
612.5391133440274
612.5272746417526
612.5085140167614
612.4800415618035
612.4383297872257
612.3832604507086
612.3243150452851
612.2725421003687
612.2299150170281
612.1951912043893
612.1686128854091
612.149685880615
612.1360094097829
612.1250957667794
612.1154174435687
612.1061768140474
612.0969433207907
612.087462572543
612.0775750846707
612.0671794202681
612.0562077244725
612.0446007805724
612.0322796304448
612.0191161949869
612.004909311112
611.9893797026793
611.9722137327734
611.9532101056647
611.9325700990366
611.9111519077093
611.8898650374175
611.8670964194627
611.837368623972
611.8013621120534
611.771786992027
611.75425150162
611.744499564363
611.7382278077063
611.7333917311373
611.7291857101947
611.7252829406785
611.7215368801468
611.7178745802211
611.7142555024666
611.7106537769292
611.7070498247539
611.7034260869178
611.6997646616257
611.6960458427058
611.6922470599491
611.688341961584
611.6842995173955
611.6800831445364
611.6756500254735
611.670951031976
611.6659319656222
611.6605370296672
611.6547152654662
611.6484297960674
611.6416681207636
611.634450110089
611.6268300476141
611.6188909105892
611.6107323806433
611.6024567691323
611.5941574016291
611.5859120943686
611.5777817194205
611.5698120584595
611.5620367545745
611.554479816635
611.5471571032269
611.540076966385
611.5332405612014
611.5266422899958
611.5202706311649
611.5141093697808
611.5081390927493
611.5023387536055
611.4966871275276
611.4911640294666
611.4857512287815
611.480433046285
611.4751966577734
611.4700321520025
611.46493240328
611.4598928220155
611.4549110435868
611.4499866087596
611.4451206792547
611.4403158213546
611.435575879713
611.4309059538399
611.4263124824487
611.4218034376036
611.4173886336556
611.4130801686958
611.4088930424745
611.4048460406398
611.4009630500159
611.3972750908081
611.3938235543751
611.3906654942626
611.387882497263
611.3855960419868
611.3839953049572
611.383390878156
611.3843290572688
611.3878731180267
611.3964664094075
611.4176234945735
611.4871936853289
611.7869808759009
611.859423282279
609.8945912753574
609.5344134423399
609.5099945860602
609.5007857867081
609.4964096089165
609.4923208763
609.4881412579549
609.4837796929748
609.4791346841922
609.4740477441347
609.4682507087748
609.4612544931732
609.4520991057559
609.4389281660108
609.4192513773968
609.278876886719
609.2021836791062
609.4225421636964
609.2583860674093
609.2395750661772
609.3134448441316
609.1781833241547
609.4399846658623
609.3775081369546
609.1807313174431
609.4085872924165
609.1804306945745
609.4247359847017
609.1883240305121
609.429395925834
609.1937587569134
609.4227242453992
609.1857253130967
609.4175066386067
609.1892472114258
609.3650191951754
609.1974713088007
609.2385370586802
609.2554816841968
609.2134904345126
609.3548801605747
609.2033283585293
609.2114095295175
609.3518429232812
609.2068170742643
609.2041356337322
609.3624019056026
609.2123143826132
609.1998193296407
609.3184625682707
609.2063800456697
609.2123898176171
609.2982173423225
609.2042457247888
609.2243967465421
609.2417600549841
609.2117153301183
609.2657557420422
609.2018554936916
609.2442840391626
609.2043592820195
609.2499524455081
609.2005075455659
609.2323451761737
609.2026072838438
609.2278079449443
609.200253070296
609.2189481479302
609.1995997237176
609.2106094352476
609.1988242562356
609.2036259745342
609.1978362485787
609.1990018583989
609.1971017445212
609.1975667810601
609.1981848718899
609.2000573916206
609.2030452932889
609.2073265118696
609.2129060521934
609.2196932545786
609.2274850332376
609.2359963843433
609.2448939754499
609.2538338846506
609.2625566996519
609.2710266646714
609.2794987796069
609.288513066907
609.2989825207471
609.3123898027958
609.3299463760169
609.34600784006
609.3353320292322
609.27372906303
609.1809254987259
609.0973379723458
609.0415166944136
608.9809450164441
608.8897670053353
608.7961349916857
608.731242507674
608.6914804476088
608.6672876410157
608.6553261666375
608.6451870421695
608.6005656685421
608.5028352919471
608.4024103718177
608.3327643473963
608.2888115566046
608.2609790211442
608.2434349958339
608.2330772146938
608.2283300407736
608.2285000049475
608.2334715500401
608.2435899913592
608.2596688236436
608.2830904048208
608.3159135018333
608.360683670709
608.419030055321
608.4867378830297
